MESE,ANNO,TIPO SOGGETTO,TIPOLOGIA CERTIFICATO,BOLLO,ESENTI DA BOLLO,TOTALE
11,2021,AIRE,CITTADINANZA,296,191,487
11,2021,AIRE,CONTESTUALE,914,814,1728
11,2021,AIRE,ESISTENZA IN VITA,3,0,3
11,2021,AIRE,MATRIMONIO,221,270,491
11,2021,AIRE,NASCITA,448,380,828
11,2021,AIRE,RESIDENZA,648,695,1343
11,2021,AIRE,STATO CIVILE,11,4,15
11,2021,AIRE,STATO FAMIGLIA,364,410,774
11,2021,AIRE,STATO FAMIGLIA CON RAPPORTI PARENTELA,2,0,2
11,2021,AIRE,STATO FAMIGLIA E STATO CIVILE,4,2,6
11,2021,AIRE,STATO LIBERO,3,1,4
11,2021,AIRE,UNIONE CIVILE ,0,4,4
11,2021,Residenti,CITTADINANZA,4969,3810,8779
11,2021,Residenti,CONTESTUALE,52333,54311,106644
11,2021,Residenti,CONTRATTO CONVIVENZA,24,11,35
11,2021,Residenti,ESISTENZA IN VITA,4461,4939,9400
11,2021,Residenti,MATRIMONIO,14113,21300,35413
11,2021,Residenti,NASCITA,21968,29826,51794
11,2021,Residenti,RESIDENZA,40032,51678,91710
11,2021,Residenti,RESIDENZA IN CONVIVENZA,47,63,110
11,2021,Residenti,STATO CIVILE,11067,11851,22918
11,2021,Residenti,STATO FAMIGLIA,35588,48828,84416
11,2021,Residenti,STATO FAMIGLIA CON RAPPORTI PARENTELA,12194,15355,27549
11,2021,Residenti,STATO FAMIGLIA E STATO CIVILE,11149,13994,25143
11,2021,Residenti,STATO LIBERO,5463,3732,9195
11,2021,Residenti,STORICO CITTADINANZA,0,1,1
11,2021,Residenti,STORICO RESIDENZA,0,1,1
11,2021,Residenti,STORICO RESIDENZA ALLA DATA,0,2,2
11,2021,Residenti,UNIONE CIVILE ,178,158,336
12,2021,AIRE,CITTADINANZA,154,104,258
12,2021,AIRE,CONTESTUALE,446,301,747
12,2021,AIRE,ESISTENZA IN VITA,4,0,4
12,2021,AIRE,MATRIMONIO,176,140,316
12,2021,AIRE,NASCITA,304,242,546
12,2021,AIRE,RESIDENZA,424,400,824
12,2021,AIRE,STATO CIVILE,5,1,6
12,2021,AIRE,STATO FAMIGLIA,229,215,444
12,2021,AIRE,STATO FAMIGLIA CON RAPPORTI PARENTELA,0,2,2
12,2021,AIRE,STATO FAMIGLIA E STATO CIVILE,3,2,5
12,2021,AIRE,STATO LIBERO,2,0,2
12,2021,AIRE,UNIONE CIVILE ,2,3,5
12,2021,Residenti,CITTADINANZA,3231,1403,4634
12,2021,Residenti,CONTESTUALE,35856,30884,66740
12,2021,Residenti,CONTRATTO CONVIVENZA,7,6,13
12,2021,Residenti,ESISTENZA IN VITA,2617,2024,4641
12,2021,Residenti,MATRIMONIO,8807,9430,18237
12,2021,Residenti,NASCITA,12039,11042,23081
12,2021,Residenti,RESIDENZA,31672,35624,67296
12,2021,Residenti,RESIDENZA IN CONVIVENZA,37,30,67
12,2021,Residenti,STATO CIVILE,8768,7205,15973
12,2021,Residenti,STATO FAMIGLIA,29032,33569,62601
12,2021,Residenti,STATO FAMIGLIA CON RAPPORTI PARENTELA,7591,7135,14726
12,2021,Residenti,STATO FAMIGLIA E STATO CIVILE,7123,6227,13350
12,2021,Residenti,STATO LIBERO,5043,3007,8050
12,2021,Residenti,UNIONE CIVILE ,37,39,76
1,2022,AIRE,CITTADINANZA,150,88,238
1,2022,AIRE,CONTESTUALE,374,315,689
1,2022,AIRE,ESISTENZA IN VITA,0,1,1
1,2022,AIRE,MATRIMONIO,112,132,244
1,2022,AIRE,NASCITA,316,278,594
1,2022,AIRE,RESIDENZA,315,335,650
1,2022,AIRE,STATO CIVILE,3,5,8
1,2022,AIRE,STATO FAMIGLIA,187,214,401
1,2022,AIRE,STATO FAMIGLIA CON RAPPORTI PARENTELA,1,2,3
1,2022,AIRE,STATO FAMIGLIA E STATO CIVILE,1,1,2
1,2022,AIRE,STATO LIBERO,4,2,6
1,2022,AIRE,UNIONE CIVILE ,1,2,3
1,2022,Residenti,CITTADINANZA,1749,1564,3313
1,2022,Residenti,CONTESTUALE,39558,39418,78976
1,2022,Residenti,CONTRATTO CONVIVENZA,19,9,28
1,2022,Residenti,ESISTENZA IN VITA,1681,2247,3928
1,2022,Residenti,MATRIMONIO,8088,10952,19040
1,2022,Residenti,NASCITA,11229,12608,23837
1,2022,Residenti,RESIDENZA,36016,47557,83573
1,2022,Residenti,RESIDENZA IN CONVIVENZA,46,41,87
1,2022,Residenti,STATO CIVILE,8084,8846,16930
1,2022,Residenti,STATO FAMIGLIA,47597,61232,108829
1,2022,Residenti,STATO FAMIGLIA CON RAPPORTI PARENTELA,8204,10505,18709
1,2022,Residenti,STATO FAMIGLIA E STATO CIVILE,7429,8960,16389
1,2022,Residenti,STATO LIBERO,5084,3633,8717
1,2022,Residenti,UNIONE CIVILE ,35,40,75
2,2022,AIRE,CITTADINANZA,102,76,178
2,2022,AIRE,CONTESTUALE,330,329,659
2,2022,AIRE,ESISTENZA IN VITA,1,1,2
2,2022,AIRE,MATRIMONIO,104,134,238
2,2022,AIRE,NASCITA,302,248,550
2,2022,AIRE,RESIDENZA,319,339,658
2,2022,AIRE,STATO CIVILE,1,7,8
2,2022,AIRE,STATO FAMIGLIA,187,189,376
2,2022,AIRE,STATO FAMIGLIA CON RAPPORTI PARENTELA,0,5,5
2,2022,AIRE,STATO FAMIGLIA E STATO CIVILE,2,3,5
2,2022,AIRE,STATO LIBERO,0,1,1
2,2022,AIRE,UNIONE CIVILE ,4,2,6
2,2022,Residenti,CITTADINANZA,1770,1441,3211
2,2022,Residenti,CONTESTUALE,41666,40116,81782
2,2022,Residenti,CONTRATTO CONVIVENZA,11,9,20
2,2022,Residenti,ESISTENZA IN VITA,1322,1682,3004
2,2022,Residenti,MATRIMONIO,8484,11214,19698
2,2022,Residenti,NASCITA,10197,11622,21819
2,2022,Residenti,RESIDENZA,32774,42237,75011
2,2022,Residenti,RESIDENZA IN CONVIVENZA,45,41,86
2,2022,Residenti,STATO CIVILE,8714,9659,18373
2,2022,Residenti,STATO FAMIGLIA,37423,48910,86333
2,2022,Residenti,STATO FAMIGLIA CON RAPPORTI PARENTELA,6515,8467,14982
2,2022,Residenti,STATO FAMIGLIA E STATO CIVILE,6624,7880,14504
2,2022,Residenti,STATO LIBERO,5874,4484,10358
2,2022,Residenti,UNIONE CIVILE ,42,39,81
3,2022,AIRE,CITTADINANZA,98,84,182
3,2022,AIRE,CONTESTUALE,345,328,673
3,2022,AIRE,ESISTENZA IN VITA,0,1,1
3,2022,AIRE,MATRIMONIO,99,127,226
3,2022,AIRE,NASCITA,291,288,579
3,2022,AIRE,RESIDENZA,267,334,601
3,2022,AIRE,STATO CIVILE,7,13,20
3,2022,AIRE,STATO FAMIGLIA,185,205,390
3,2022,AIRE,STATO FAMIGLIA CON RAPPORTI PARENTELA,5,0,5
3,2022,AIRE,STATO FAMIGLIA E STATO CIVILE,5,4,9
3,2022,AIRE,STATO LIBERO,4,4,8
3,2022,AIRE,UNIONE CIVILE ,7,1,8
3,2022,Residenti,CITTADINANZA,2085,1403,3488
3,2022,Residenti,CONTESTUALE,46089,42828,88917
3,2022,Residenti,CONTRATTO CONVIVENZA,7,9,16
3,2022,Residenti,ESISTENZA IN VITA,1397,1508,2905
3,2022,Residenti,MATRIMONIO,9397,12218,21615
3,2022,Residenti,NASCITA,11115,12272,23387
3,2022,Residenti,RESIDENZA,37364,46397,83761
3,2022,Residenti,RESIDENZA IN CONVIVENZA,57,44,101
3,2022,Residenti,STATO CIVILE,9840,10093,19933
3,2022,Residenti,STATO FAMIGLIA,36203,46017,82220
3,2022,Residenti,STATO FAMIGLIA CON RAPPORTI PARENTELA,6489,8213,14702
3,2022,Residenti,STATO FAMIGLIA E STATO CIVILE,6726,7660,14386
3,2022,Residenti,STATO LIBERO,6607,5062,11669
3,2022,Residenti,UNIONE CIVILE ,40,48,88
4,2022,AIRE,CITTADINANZA,96,87,183
4,2022,AIRE,CONTESTUALE,346,283,629
4,2022,AIRE,ESISTENZA IN VITA,1,1,2
4,2022,AIRE,MATRIMONIO,71,120,191
4,2022,AIRE,NASCITA,267,228,495
4,2022,AIRE,RESIDENZA,341,448,789
4,2022,AIRE,STATO CIVILE,4,4,8
4,2022,AIRE,STATO FAMIGLIA,160,203,363
4,2022,AIRE,STATO FAMIGLIA CON RAPPORTI PARENTELA,0,5,5
4,2022,AIRE,STATO FAMIGLIA E STATO CIVILE,3,2,5
4,2022,AIRE,STATO LIBERO,1,4,5
4,2022,AIRE,UNIONE CIVILE ,0,2,2
4,2022,Residenti,CITTADINANZA,1640,1203,2843
4,2022,Residenti,CONTESTUALE,36729,34705,71434
4,2022,Residenti,CONTRATTO CONVIVENZA,9,4,13
4,2022,Residenti,ESISTENZA IN VITA,1049,1285,2334
4,2022,Residenti,MATRIMONIO,7533,9508,17041
4,2022,Residenti,NASCITA,9154,9967,19121
4,2022,Residenti,RESIDENZA,32020,39881,71901
4,2022,Residenti,RESIDENZA IN CONVIVENZA,47,45,92
4,2022,Residenti,STATO CIVILE,7777,8347,16124
4,2022,Residenti,STATO FAMIGLIA,27771,34657,62428
4,2022,Residenti,STATO FAMIGLIA CON RAPPORTI PARENTELA,5302,6369,11671
4,2022,Residenti,STATO FAMIGLIA E STATO CIVILE,5328,5969,11297
4,2022,Residenti,STATO LIBERO,5488,4267,9755
4,2022,Residenti,UNIONE CIVILE ,51,36,87
5,2022,AIRE,CITTADINANZA,112,86,198
5,2022,AIRE,CONTESTUALE,394,318,712
5,2022,AIRE,MATRIMONIO,115,138,253
5,2022,AIRE,NASCITA,328,241,569
5,2022,AIRE,RESIDENZA,358,416,774
5,2022,AIRE,STATO CIVILE,8,8,16
5,2022,AIRE,STATO FAMIGLIA,187,189,376
5,2022,AIRE,STATO FAMIGLIA CON RAPPORTI PARENTELA,1,5,6
5,2022,AIRE,STATO FAMIGLIA E STATO CIVILE,3,1,4
5,2022,AIRE,STATO LIBERO,4,2,6
5,2022,AIRE,UNIONE CIVILE ,0,1,1
5,2022,Residenti,CITTADINANZA,1764,1366,3130
5,2022,Residenti,CONTESTUALE,40268,38749,79017
5,2022,Residenti,CONTRATTO CONVIVENZA,19,7,26
5,2022,Residenti,ESISTENZA IN VITA,1171,1377,2548
5,2022,Residenti,MATRIMONIO,8369,11035,19404
5,2022,Residenti,NASCITA,9858,11377,21235
5,2022,Residenti,RESIDENZA,38590,46638,85228
5,2022,Residenti,RESIDENZA IN CONVIVENZA,43,51,94
5,2022,Residenti,STATO CIVILE,9317,9929,19246
5,2022,Residenti,STATO FAMIGLIA,33238,41422,74660
5,2022,Residenti,STATO FAMIGLIA CON RAPPORTI PARENTELA,5995,7387,13382
5,2022,Residenti,STATO FAMIGLIA E STATO CIVILE,6016,6935,12951
5,2022,Residenti,STATO LIBERO,6295,4986,11281
5,2022,Residenti,UNIONE CIVILE ,38,33,71
6,2022,AIRE,CITTADINANZA,123,82,205
6,2022,AIRE,CONTESTUALE,320,257,577
6,2022,AIRE,MATRIMONIO,85,98,183
6,2022,AIRE,NASCITA,281,226,507
6,2022,AIRE,RESIDENZA,291,378,669
6,2022,AIRE,STATO CIVILE,6,4,10
6,2022,AIRE,STATO FAMIGLIA,175,206,381
6,2022,AIRE,STATO FAMIGLIA CON RAPPORTI PARENTELA,2,5,7
6,2022,AIRE,STATO FAMIGLIA E STATO CIVILE,2,1,3
6,2022,AIRE,STATO LIBERO,4,2,6
6,2022,AIRE,UNIONE CIVILE ,1,0,1
6,2022,Residenti,CITTADINANZA,1798,1386,3184
6,2022,Residenti,CONTESTUALE,36953,37005,73958
6,2022,Residenti,CONTRATTO CONVIVENZA,17,6,23
6,2022,Residenti,ESISTENZA IN VITA,1081,1376,2457
6,2022,Residenti,MATRIMONIO,8431,10564,18995
6,2022,Residenti,NASCITA,9162,10054,19216
6,2022,Residenti,RESIDENZA,35232,43602,78834
6,2022,Residenti,RESIDENZA IN CONVIVENZA,39,44,83
6,2022,Residenti,STATO CIVILE,8922,9556,18478
6,2022,Residenti,STATO FAMIGLIA,30423,38054,68477
6,2022,Residenti,STATO FAMIGLIA CON RAPPORTI PARENTELA,5604,6722,12326
6,2022,Residenti,STATO FAMIGLIA E STATO CIVILE,5329,6399,11728
6,2022,Residenti,STATO LIBERO,5698,4746,10444
6,2022,Residenti,UNIONE CIVILE ,41,40,81
7,2022,AIRE,CITTADINANZA,94,76,170
7,2022,AIRE,CONTESTUALE,300,255,555
7,2022,AIRE,ESISTENZA IN VITA,2,0,2
7,2022,AIRE,MATRIMONIO,109,121,230
7,2022,AIRE,NASCITA,264,222,486
7,2022,AIRE,RESIDENZA,317,363,680
7,2022,AIRE,STATO CIVILE,5,6,11
7,2022,AIRE,STATO FAMIGLIA,182,186,368
7,2022,AIRE,STATO FAMIGLIA CON RAPPORTI PARENTELA,1,1,2
7,2022,AIRE,STATO FAMIGLIA E STATO CIVILE,1,1,2
7,2022,AIRE,STATO LIBERO,1,0,1
7,2022,AIRE,UNIONE CIVILE ,2,0,2
7,2022,Residenti,CITTADINANZA,1550,1187,2737
7,2022,Residenti,CONTESTUALE,31978,44423,76401
7,2022,Residenti,CONTRATTO CONVIVENZA,15,16,31
7,2022,Residenti,ESISTENZA IN VITA,1043,1299,2342
7,2022,Residenti,MATRIMONIO,8067,9854,17921
7,2022,Residenti,NASCITA,8589,9660,18249
7,2022,Residenti,RESIDENZA,32539,40567,73106
7,2022,Residenti,RESIDENZA IN CONVIVENZA,40,29,69
7,2022,Residenti,STATO CIVILE,7902,8463,16365
7,2022,Residenti,STATO FAMIGLIA,27212,36960,64172
7,2022,Residenti,STATO FAMIGLIA CON RAPPORTI PARENTELA,5205,6555,11760
7,2022,Residenti,STATO FAMIGLIA E STATO CIVILE,4963,5553,10516
7,2022,Residenti,STATO LIBERO,4874,4115,8989
7,2022,Residenti,UNIONE CIVILE ,52,50,102
8,2022,AIRE,CITTADINANZA,104,69,173
8,2022,AIRE,CONTESTUALE,328,269,597
8,2022,AIRE,ESISTENZA IN VITA,2,0,2
8,2022,AIRE,MATRIMONIO,87,87,174
8,2022,AIRE,NASCITA,337,270,607
8,2022,AIRE,RESIDENZA,314,361,675
8,2022,AIRE,STATO CIVILE,4,1,5
8,2022,AIRE,STATO FAMIGLIA,175,179,354
8,2022,AIRE,STATO FAMIGLIA CON RAPPORTI PARENTELA,7,4,11
8,2022,AIRE,STATO FAMIGLIA E STATO CIVILE,1,1,2
8,2022,AIRE,STATO LIBERO,2,0,2
8,2022,AIRE,UNIONE CIVILE ,0,3,3
8,2022,Residenti,CITTADINANZA,1380,1022,2402
8,2022,Residenti,CONTESTUALE,24076,35076,59152
8,2022,Residenti,CONTRATTO CONVIVENZA,13,11,24
8,2022,Residenti,ESISTENZA IN VITA,798,962,1760
8,2022,Residenti,ISCRIZIONE NELLE LISTE ELETTORALI,0,1,1
8,2022,Residenti,MATRIMONIO,5386,5994,11380
8,2022,Residenti,NASCITA,7906,8471,16377
8,2022,Residenti,RESIDENZA,27567,33870,61437
8,2022,Residenti,RESIDENZA IN CONVIVENZA,25,40,65
8,2022,Residenti,STATO CIVILE,4634,5114,9748
8,2022,Residenti,STATO FAMIGLIA,21728,29601,51329
8,2022,Residenti,STATO FAMIGLIA CON RAPPORTI PARENTELA,4241,5398,9639
8,2022,Residenti,STATO FAMIGLIA E STATO CIVILE,3426,4090,7516
8,2022,Residenti,STATO LIBERO,2327,1881,4208
8,2022,Residenti,UNIONE CIVILE ,32,35,67
9,2022,AIRE,CITTADINANZA,126,62,188
9,2022,AIRE,CONTESTUALE,326,286,612
9,2022,AIRE,ESISTENZA IN VITA,3,4,7
9,2022,AIRE,MATRIMONIO,118,122,240
9,2022,AIRE,NASCITA,296,273,569
9,2022,AIRE,RESIDENZA,296,399,695
9,2022,AIRE,STATO CIVILE,7,5,12
9,2022,AIRE,STATO FAMIGLIA,187,195,382
9,2022,AIRE,STATO FAMIGLIA CON RAPPORTI PARENTELA,6,3,9
9,2022,AIRE,STATO FAMIGLIA E STATO CIVILE,1,0,1
9,2022,AIRE,STATO LIBERO,3,3,6
9,2022,Residenti,CITTADINANZA,2249,1875,4124
9,2022,Residenti,CONTESTUALE,42823,85819,128642
9,2022,Residenti,CONTRATTO CONVIVENZA,11,21,32
9,2022,Residenti,ESISTENZA IN VITA,1358,1396,2754
9,2022,Residenti,MATRIMONIO,9559,12016,21575
9,2022,Residenti,NASCITA,10999,14302,25301
9,2022,Residenti,RESIDENZA,40590,53408,93998
9,2022,Residenti,RESIDENZA IN CONVIVENZA,53,59,112
9,2022,Residenti,STATO CIVILE,9354,10138,19492
9,2022,Residenti,STATO FAMIGLIA,35145,55477,90622
9,2022,Residenti,STATO FAMIGLIA CON RAPPORTI PARENTELA,6476,8537,15013
9,2022,Residenti,STATO FAMIGLIA E STATO CIVILE,5688,6982,12670
9,2022,Residenti,STATO LIBERO,5631,4875,10506
9,2022,Residenti,UNIONE CIVILE ,46,62,108
10,2022,AIRE,CITTADINANZA,120,73,193
10,2022,AIRE,CONTESTUALE,331,311,642
10,2022,AIRE,ESISTENZA IN VITA,1,0,1
10,2022,AIRE,MATRIMONIO,110,112,222
10,2022,AIRE,NASCITA,334,266,600
10,2022,AIRE,RESIDENZA,350,382,732
10,2022,AIRE,STATO CIVILE,12,6,18
10,2022,AIRE,STATO FAMIGLIA,197,206,403
10,2022,AIRE,STATO FAMIGLIA CON RAPPORTI PARENTELA,7,5,12
10,2022,AIRE,STATO FAMIGLIA E STATO CIVILE,5,2,7
10,2022,AIRE,STATO LIBERO,6,4,10
10,2022,Residenti,CITTADINANZA,2087,1745,3832
10,2022,Residenti,CONTESTUALE,42094,68090,110184
10,2022,Residenti,CONTRATTO CONVIVENZA,14,17,31
10,2022,Residenti,ESISTENZA IN VITA,1289,1427,2716
10,2022,Residenti,GODIMENTO DEI DIRITTI POLITICI,0,1,1
10,2022,Residenti,ISCRIZIONE NELLE LISTE ELETTORALI,0,1,1
10,2022,Residenti,MATRIMONIO,9494,11653,21147
10,2022,Residenti,NASCITA,10288,12900,23188
10,2022,Residenti,RESIDENZA,40332,52421,92753
10,2022,Residenti,RESIDENZA IN CONVIVENZA,50,50,100
10,2022,Residenti,STATO CIVILE,9047,9891,18938
10,2022,Residenti,STATO FAMIGLIA,35763,50408,86171
10,2022,Residenti,STATO FAMIGLIA CON RAPPORTI PARENTELA,6604,8439,15043
10,2022,Residenti,STATO FAMIGLIA E STATO CIVILE,6135,7372,13507
10,2022,Residenti,STATO LIBERO,5073,4547,9620
10,2022,Residenti,UNIONE CIVILE ,54,48,102
11,2022,AIRE,CITTADINANZA,145,66,211
11,2022,AIRE,CONTESTUALE,377,331,708
11,2022,AIRE,ESISTENZA IN VITA,2,1,3
11,2022,AIRE,MATRIMONIO,117,123,240
11,2022,AIRE,NASCITA,349,269,618
11,2022,AIRE,RESIDENZA,344,343,687
11,2022,AIRE,STATO CIVILE,7,1,8
11,2022,AIRE,STATO FAMIGLIA,204,196,400
11,2022,AIRE,STATO FAMIGLIA CON RAPPORTI PARENTELA,3,2,5
11,2022,AIRE,STATO FAMIGLIA E STATO CIVILE,4,5,9
11,2022,AIRE,STATO LIBERO,1,2,3
11,2022,AIRE,UNIONE CIVILE ,0,1,1
11,2022,Residenti,CITTADINANZA,2256,1692,3948
11,2022,Residenti,CONTESTUALE,40150,50154,90304
11,2022,Residenti,CONTRATTO CONVIVENZA,17,8,25
11,2022,Residenti,ESISTENZA IN VITA,1409,1599,3008
11,2022,Residenti,GODIMENTO DEI DIRITTI POLITICI,0,3,3
11,2022,Residenti,ISCRIZIONE NELLE LISTE ELETTORALI,0,1,1
11,2022,Residenti,MATRIMONIO,8825,11591,20416
11,2022,Residenti,NASCITA,10371,11898,22269
11,2022,Residenti,RESIDENZA,39651,48706,88357
11,2022,Residenti,RESIDENZA IN CONVIVENZA,50,48,98
11,2022,Residenti,STATO CIVILE,9670,10221,19891
11,2022,Residenti,STATO FAMIGLIA,33608,45339,78947
11,2022,Residenti,STATO FAMIGLIA CON RAPPORTI PARENTELA,6874,8577,15451
11,2022,Residenti,STATO FAMIGLIA E STATO CIVILE,5979,6980,12959
11,2022,Residenti,STATO LIBERO,5498,4981,10479
11,2022,Residenti,STORICO CITTADINANZA,0,1,1
11,2022,Residenti,UNIONE CIVILE ,62,37,99
12,2022,AIRE,CITTADINANZA,167,59,226
12,2022,AIRE,CONTESTUALE,427,302,729
12,2022,AIRE,ESISTENZA IN VITA,1,1,2
12,2022,AIRE,MATRIMONIO,109,112,221
12,2022,AIRE,NASCITA,317,240,557
12,2022,AIRE,RESIDENZA,437,362,799
12,2022,AIRE,STATO CIVILE,5,5,10
12,2022,AIRE,STATO FAMIGLIA,241,187,428
12,2022,AIRE,STATO FAMIGLIA CON RAPPORTI PARENTELA,4,3,7
12,2022,AIRE,STATO FAMIGLIA E STATO CIVILE,2,1,3
12,2022,AIRE,STATO LIBERO,2,1,3
12,2022,AIRE,UNIONE CIVILE ,1,0,1
12,2022,Residenti,CITTADINANZA,2676,1381,4057
12,2022,Residenti,CONTESTUALE,34632,34590,69222
12,2022,Residenti,CONTRATTO CONVIVENZA,18,9,27
12,2022,Residenti,ESISTENZA IN VITA,1954,1534,3488
12,2022,Residenti,MATRIMONIO,7293,8386,15679
12,2022,Residenti,NASCITA,9746,9087,18833
12,2022,Residenti,RESIDENZA,35106,40037,75143
12,2022,Residenti,RESIDENZA IN CONVIVENZA,44,52,96
12,2022,Residenti,STATO CIVILE,8350,7918,16268
12,2022,Residenti,STATO FAMIGLIA,29644,35087,64731
12,2022,Residenti,STATO FAMIGLIA CON RAPPORTI PARENTELA,6625,6765,13390
12,2022,Residenti,STATO FAMIGLIA E STATO CIVILE,5828,5355,11183
12,2022,Residenti,STATO LIBERO,4850,3378,8228
12,2022,Residenti,STORICO CITTADINANZA,0,1,1
12,2022,Residenti,STORICO RESIDENZA,0,1,1
12,2022,Residenti,UNIONE CIVILE ,41,35,76
1,2023,AIRE,CITTADINANZA,12,187,199
1,2023,AIRE,CONTESTUALE,38,806,844
1,2023,AIRE,ESISTENZA IN VITA,0,3,3
1,2023,AIRE,MATRIMONIO,14,218,232
1,2023,AIRE,NASCITA,27,556,583
1,2023,AIRE,RESIDENZA,34,880,914
1,2023,AIRE,STATO CIVILE,0,14,14
1,2023,AIRE,STATO FAMIGLIA,21,414,435
1,2023,AIRE,STATO FAMIGLIA CON RAPPORTI PARENTELA,0,6,6
1,2023,AIRE,STATO FAMIGLIA E STATO CIVILE,0,5,5
1,2023,AIRE,STATO LIBERO,0,7,7
1,2023,AIRE,UNIONE CIVILE ,0,2,2
1,2023,Residenti,CITTADINANZA,137,3169,3306
1,2023,Residenti,CONTESTUALE,2289,90047,92336
1,2023,Residenti,CONTRATTO CONVIVENZA,0,26,26
1,2023,Residenti,ESISTENZA IN VITA,104,2997,3101
1,2023,Residenti,MATRIMONIO,408,17702,18110
1,2023,Residenti,NASCITA,713,22012,22725
1,2023,Residenti,RESIDENZA,2469,93767,96236
1,2023,Residenti,RESIDENZA IN CONVIVENZA,4,116,120
1,2023,Residenti,STATO CIVILE,441,17616,18057
1,2023,Residenti,STATO FAMIGLIA,3225,117356,120581
1,2023,Residenti,STATO FAMIGLIA CON RAPPORTI PARENTELA,463,18710,19173
1,2023,Residenti,STATO FAMIGLIA E STATO CIVILE,454,15310,15764
1,2023,Residenti,STATO LIBERO,213,7722,7935
1,2023,Residenti,STORICO CITTADINANZA,0,1,1
1,2023,Residenti,UNIONE CIVILE ,2,76,78
2,2023,AIRE,CITTADINANZA,0,178,178
2,2023,AIRE,CONTESTUALE,0,710,710
2,2023,AIRE,ESISTENZA IN VITA,0,2,2
2,2023,AIRE,MATRIMONIO,0,224,224
2,2023,AIRE,NASCITA,0,579,579
2,2023,AIRE,RESIDENZA,0,737,737
2,2023,AIRE,STATO CIVILE,0,15,15
2,2023,AIRE,STATO FAMIGLIA,0,403,403
2,2023,AIRE,STATO FAMIGLIA CON RAPPORTI PARENTELA,0,6,6
2,2023,AIRE,STATO FAMIGLIA E STATO CIVILE,0,5,5
2,2023,AIRE,STATO LIBERO,0,6,6
2,2023,AIRE,UNIONE CIVILE ,0,6,6
2,2023,Residenti,CITTADINANZA,0,2965,2965
2,2023,Residenti,CONTESTUALE,0,86181,86181
2,2023,Residenti,CONTRATTO CONVIVENZA,0,18,18
2,2023,Residenti,ESISTENZA IN VITA,0,2286,2286
2,2023,Residenti,MATRIMONIO,0,18140,18140
2,2023,Residenti,NASCITA,0,19858,19858
2,2023,Residenti,RESIDENZA,0,87861,87861
2,2023,Residenti,RESIDENZA IN CONVIVENZA,0,106,106
2,2023,Residenti,STATO CIVILE,0,17800,17800
2,2023,Residenti,STATO FAMIGLIA,0,88334,88334
2,2023,Residenti,STATO FAMIGLIA CON RAPPORTI PARENTELA,0,14599,14599
2,2023,Residenti,STATO FAMIGLIA E STATO CIVILE,0,12988,12988
2,2023,Residenti,STATO LIBERO,0,8332,8332
2,2023,Residenti,STORICO RESIDENZA,0,1,1
2,2023,Residenti,UNIONE CIVILE ,0,79,79
3,2023,AIRE,CITTADINANZA,0,180,180
3,2023,AIRE,CONTESTUALE,0,736,736
3,2023,AIRE,ESISTENZA IN VITA,0,3,3
3,2023,AIRE,MATRIMONIO,0,281,281
3,2023,AIRE,NASCITA,0,541,541
3,2023,AIRE,RESIDENZA,0,871,871
3,2023,AIRE,STATO CIVILE,0,14,14
3,2023,AIRE,STATO FAMIGLIA,0,379,379
3,2023,AIRE,STATO FAMIGLIA CON RAPPORTI PARENTELA,0,9,9
3,2023,AIRE,STATO FAMIGLIA E STATO CIVILE,0,5,5
3,2023,AIRE,STATO LIBERO,0,3,3
3,2023,AIRE,UNIONE CIVILE ,0,2,2
3,2023,Residenti,CITTADINANZA,0,2961,2961
3,2023,Residenti,CONTESTUALE,0,85682,85682
3,2023,Residenti,CONTRATTO CONVIVENZA,0,23,23
3,2023,Residenti,ESISTENZA IN VITA,0,2346,2346
3,2023,Residenti,MATRIMONIO,0,17004,17004
3,2023,Residenti,NASCITA,0,19909,19909
3,2023,Residenti,RESIDENZA,0,88525,88525
3,2023,Residenti,RESIDENZA IN CONVIVENZA,0,101,101
3,2023,Residenti,STATO CIVILE,0,17276,17276
3,2023,Residenti,STATO FAMIGLIA,0,77922,77922
3,2023,Residenti,STATO FAMIGLIA CON RAPPORTI PARENTELA,0,13165,13165
3,2023,Residenti,STATO FAMIGLIA E STATO CIVILE,0,11762,11762
3,2023,Residenti,STATO LIBERO,0,7662,7662
3,2023,Residenti,UNIONE CIVILE ,0,81,81
4,2023,AIRE,CITTADINANZA,0,151,151
4,2023,AIRE,CONTESTUALE,0,612,612
4,2023,AIRE,ESISTENZA IN VITA,0,1,1
4,2023,AIRE,MATRIMONIO,0,183,183
4,2023,AIRE,NASCITA,0,404,404
4,2023,AIRE,RESIDENZA,0,670,670
4,2023,AIRE,STATO CIVILE,0,7,7
4,2023,AIRE,STATO FAMIGLIA,0,319,319
4,2023,AIRE,STATO FAMIGLIA CON RAPPORTI PARENTELA,0,1,1
4,2023,AIRE,STATO FAMIGLIA E STATO CIVILE,0,1,1
4,2023,AIRE,STATO LIBERO,0,1,1
4,2023,AIRE,UNIONE CIVILE ,0,3,3
4,2023,Residenti,CITTADINANZA,0,2350,2350
4,2023,Residenti,CONTESTUALE,0,63568,63568
4,2023,Residenti,CONTRATTO CONVIVENZA,0,13,13
4,2023,Residenti,ESISTENZA IN VITA,0,1629,1629
4,2023,Residenti,MATRIMONIO,0,11899,11899
4,2023,Residenti,NASCITA,0,14582,14582
4,2023,Residenti,RESIDENZA,0,69031,69031
4,2023,Residenti,RESIDENZA IN CONVIVENZA,0,88,88
4,2023,Residenti,STATO CIVILE,0,12482,12482
4,2023,Residenti,STATO FAMIGLIA,0,54466,54466
4,2023,Residenti,STATO FAMIGLIA CON RAPPORTI PARENTELA,0,9423,9423
4,2023,Residenti,STATO FAMIGLIA E STATO CIVILE,0,8600,8600
4,2023,Residenti,STATO LIBERO,0,5510,5510
4,2023,Residenti,UNIONE CIVILE ,0,63,63
5,2023,AIRE,CITTADINANZA,0,135,135
5,2023,AIRE,CONTESTUALE,0,583,583
5,2023,AIRE,ESISTENZA IN VITA,0,2,2
5,2023,AIRE,MATRIMONIO,0,224,224
5,2023,AIRE,NASCITA,0,410,410
5,2023,AIRE,RESIDENZA,0,762,762
5,2023,AIRE,STATO CIVILE,0,3,3
5,2023,AIRE,STATO FAMIGLIA,0,358,358
5,2023,AIRE,STATO FAMIGLIA CON RAPPORTI PARENTELA,0,4,4
5,2023,AIRE,STATO FAMIGLIA E STATO CIVILE,0,3,3
5,2023,AIRE,STATO LIBERO,0,2,2
5,2023,AIRE,UNIONE CIVILE ,0,4,4
5,2023,Residenti,CITTADINANZA,0,2763,2763
5,2023,Residenti,CONTESTUALE,0,78259,78259
5,2023,Residenti,CONTRATTO CONVIVENZA,0,14,14
5,2023,Residenti,ESISTENZA IN VITA,0,1960,1960
5,2023,Residenti,MATRIMONIO,0,16019,16019
5,2023,Residenti,NASCITA,0,17430,17430
5,2023,Residenti,RESIDENZA,0,84696,84696
5,2023,Residenti,RESIDENZA IN CONVIVENZA,0,118,118
5,2023,Residenti,STATO CIVILE,0,15941,15941
5,2023,Residenti,STATO FAMIGLIA,0,65941,65941
5,2023,Residenti,STATO FAMIGLIA CON RAPPORTI PARENTELA,0,11086,11086
5,2023,Residenti,STATO FAMIGLIA E STATO CIVILE,0,10373,10373
5,2023,Residenti,STATO LIBERO,0,6466,6466
5,2023,Residenti,UNIONE CIVILE ,0,95,95