MESE,ANNO,TIPO SOGGETTO,TIPOLOGIA CERTIFICATO,BOLLO,ESENTI DA BOLLO,TOTALE
11,2021,AIRE,CITTADINANZA,293,191,484
11,2021,AIRE,CONTESTUALE,912,812,1724
11,2021,AIRE,ESISTENZA IN VITA,3,0,3
11,2021,AIRE,MATRIMONIO,221,269,490
11,2021,AIRE,NASCITA,448,380,828
11,2021,AIRE,RESIDENZA,643,691,1334
11,2021,AIRE,STATO CIVILE,11,4,15
11,2021,AIRE,STATO FAMIGLIA,360,410,770
11,2021,AIRE,STATO FAMIGLIA CON RAPPORTI PARENTELA,2,0,2
11,2021,AIRE,STATO FAMIGLIA E STATO CIVILE,4,2,6
11,2021,AIRE,STATO LIBERO,3,1,4
11,2021,AIRE,UNIONE CIVILE ,0,4,4
11,2021,Residenti,CITTADINANZA,4966,3808,8774
11,2021,Residenti,CONTESTUALE,52299,54278,106577
11,2021,Residenti,CONTRATTO CONVIVENZA,24,11,35
11,2021,Residenti,ESISTENZA IN VITA,4459,4937,9396
11,2021,Residenti,MATRIMONIO,14111,21293,35404
11,2021,Residenti,NASCITA,21955,29818,51773
11,2021,Residenti,RESIDENZA,40010,51636,91646
11,2021,Residenti,RESIDENZA IN CONVIVENZA,47,63,110
11,2021,Residenti,STATO CIVILE,11061,11844,22905
11,2021,Residenti,STATO FAMIGLIA,35545,48799,84344
11,2021,Residenti,STATO FAMIGLIA CON RAPPORTI PARENTELA,12187,15342,27529
11,2021,Residenti,STATO FAMIGLIA E STATO CIVILE,11145,13988,25133
11,2021,Residenti,STATO LIBERO,5460,3729,9189
11,2021,Residenti,STORICO CITTADINANZA,0,1,1
11,2021,Residenti,STORICO RESIDENZA,0,1,1
11,2021,Residenti,STORICO RESIDENZA ALLA DATA,0,2,2
11,2021,Residenti,UNIONE CIVILE ,178,158,336
12,2021,AIRE,CITTADINANZA,154,104,258
12,2021,AIRE,CONTESTUALE,445,300,745
12,2021,AIRE,ESISTENZA IN VITA,3,0,3
12,2021,AIRE,MATRIMONIO,174,137,311
12,2021,AIRE,NASCITA,303,240,543
12,2021,AIRE,RESIDENZA,422,395,817
12,2021,AIRE,STATO CIVILE,5,1,6
12,2021,AIRE,STATO FAMIGLIA,227,212,439
12,2021,AIRE,STATO FAMIGLIA CON RAPPORTI PARENTELA,0,2,2
12,2021,AIRE,STATO FAMIGLIA E STATO CIVILE,3,2,5
12,2021,AIRE,STATO LIBERO,2,0,2
12,2021,AIRE,UNIONE CIVILE ,2,3,5
12,2021,Residenti,CITTADINANZA,3231,1401,4632
12,2021,Residenti,CONTESTUALE,35828,30870,66698
12,2021,Residenti,CONTRATTO CONVIVENZA,7,6,13
12,2021,Residenti,ESISTENZA IN VITA,2617,2024,4641
12,2021,Residenti,MATRIMONIO,8804,9430,18234
12,2021,Residenti,NASCITA,12031,11037,23068
12,2021,Residenti,RESIDENZA,31649,35582,67231
12,2021,Residenti,RESIDENZA IN CONVIVENZA,37,30,67
12,2021,Residenti,STATO CIVILE,8753,7202,15955
12,2021,Residenti,STATO FAMIGLIA,29007,33557,62564
12,2021,Residenti,STATO FAMIGLIA CON RAPPORTI PARENTELA,7587,7133,14720
12,2021,Residenti,STATO FAMIGLIA E STATO CIVILE,7121,6225,13346
12,2021,Residenti,STATO LIBERO,5039,3005,8044
12,2021,Residenti,UNIONE CIVILE ,37,39,76
1,2022,AIRE,CITTADINANZA,150,88,238
1,2022,AIRE,CONTESTUALE,374,313,687
1,2022,AIRE,ESISTENZA IN VITA,0,1,1
1,2022,AIRE,MATRIMONIO,112,132,244
1,2022,AIRE,NASCITA,313,277,590
1,2022,AIRE,RESIDENZA,314,334,648
1,2022,AIRE,STATO CIVILE,3,4,7
1,2022,AIRE,STATO FAMIGLIA,187,214,401
1,2022,AIRE,STATO FAMIGLIA CON RAPPORTI PARENTELA,0,2,2
1,2022,AIRE,STATO FAMIGLIA E STATO CIVILE,1,1,2
1,2022,AIRE,STATO LIBERO,4,2,6
1,2022,AIRE,UNIONE CIVILE ,1,2,3
1,2022,Residenti,CITTADINANZA,1748,1564,3312
1,2022,Residenti,CONTESTUALE,39519,39376,78895
1,2022,Residenti,CONTRATTO CONVIVENZA,19,9,28
1,2022,Residenti,ESISTENZA IN VITA,1678,2247,3925
1,2022,Residenti,MATRIMONIO,8085,10947,19032
1,2022,Residenti,NASCITA,11225,12600,23825
1,2022,Residenti,RESIDENZA,35980,47519,83499
1,2022,Residenti,RESIDENZA IN CONVIVENZA,46,41,87
1,2022,Residenti,STATO CIVILE,8078,8840,16918
1,2022,Residenti,STATO FAMIGLIA,47558,61209,108767
1,2022,Residenti,STATO FAMIGLIA CON RAPPORTI PARENTELA,8201,10502,18703
1,2022,Residenti,STATO FAMIGLIA E STATO CIVILE,7420,8952,16372
1,2022,Residenti,STATO LIBERO,5078,3632,8710
1,2022,Residenti,UNIONE CIVILE ,35,40,75
2,2022,AIRE,CITTADINANZA,102,76,178
2,2022,AIRE,CONTESTUALE,329,324,653
2,2022,AIRE,ESISTENZA IN VITA,1,1,2
2,2022,AIRE,MATRIMONIO,102,134,236
2,2022,AIRE,NASCITA,302,246,548
2,2022,AIRE,RESIDENZA,315,337,652
2,2022,AIRE,STATO CIVILE,1,7,8
2,2022,AIRE,STATO FAMIGLIA,185,189,374
2,2022,AIRE,STATO FAMIGLIA CON RAPPORTI PARENTELA,0,5,5
2,2022,AIRE,STATO FAMIGLIA E STATO CIVILE,2,3,5
2,2022,AIRE,STATO LIBERO,0,1,1
2,2022,AIRE,UNIONE CIVILE ,4,2,6
2,2022,Residenti,CITTADINANZA,1770,1441,3211
2,2022,Residenti,CONTESTUALE,41648,40102,81750
2,2022,Residenti,CONTRATTO CONVIVENZA,11,9,20
2,2022,Residenti,ESISTENZA IN VITA,1322,1681,3003
2,2022,Residenti,MATRIMONIO,8479,11212,19691
2,2022,Residenti,NASCITA,10189,11608,21797
2,2022,Residenti,RESIDENZA,32742,42207,74949
2,2022,Residenti,RESIDENZA IN CONVIVENZA,45,41,86
2,2022,Residenti,STATO CIVILE,8713,9654,18367
2,2022,Residenti,STATO FAMIGLIA,37406,48885,86291
2,2022,Residenti,STATO FAMIGLIA CON RAPPORTI PARENTELA,6512,8464,14976
2,2022,Residenti,STATO FAMIGLIA E STATO CIVILE,6619,7877,14496
2,2022,Residenti,STATO LIBERO,5869,4484,10353
2,2022,Residenti,UNIONE CIVILE ,42,39,81
3,2022,AIRE,CITTADINANZA,98,84,182
3,2022,AIRE,CONTESTUALE,339,318,657
3,2022,AIRE,ESISTENZA IN VITA,0,1,1
3,2022,AIRE,MATRIMONIO,96,122,218
3,2022,AIRE,NASCITA,286,287,573
3,2022,AIRE,RESIDENZA,265,333,598
3,2022,AIRE,STATO CIVILE,7,13,20
3,2022,AIRE,STATO FAMIGLIA,185,205,390
3,2022,AIRE,STATO FAMIGLIA CON RAPPORTI PARENTELA,5,0,5
3,2022,AIRE,STATO FAMIGLIA E STATO CIVILE,5,4,9
3,2022,AIRE,STATO LIBERO,4,4,8
3,2022,AIRE,UNIONE CIVILE ,7,1,8
3,2022,Residenti,CITTADINANZA,2083,1403,3486
3,2022,Residenti,CONTESTUALE,46054,42813,88867
3,2022,Residenti,CONTRATTO CONVIVENZA,7,9,16
3,2022,Residenti,ESISTENZA IN VITA,1396,1508,2904
3,2022,Residenti,MATRIMONIO,9393,12214,21607
3,2022,Residenti,NASCITA,11110,12266,23376
3,2022,Residenti,RESIDENZA,37341,46383,83724
3,2022,Residenti,RESIDENZA IN CONVIVENZA,57,44,101
3,2022,Residenti,STATO CIVILE,9834,10089,19923
3,2022,Residenti,STATO FAMIGLIA,36179,46000,82179
3,2022,Residenti,STATO FAMIGLIA CON RAPPORTI PARENTELA,6486,8209,14695
3,2022,Residenti,STATO FAMIGLIA E STATO CIVILE,6722,7659,14381
3,2022,Residenti,STATO LIBERO,6601,5055,11656
3,2022,Residenti,UNIONE CIVILE ,40,48,88
4,2022,AIRE,CITTADINANZA,96,87,183
4,2022,AIRE,CONTESTUALE,343,282,625
4,2022,AIRE,ESISTENZA IN VITA,1,1,2
4,2022,AIRE,MATRIMONIO,70,120,190
4,2022,AIRE,NASCITA,266,228,494
4,2022,AIRE,RESIDENZA,337,441,778
4,2022,AIRE,STATO CIVILE,4,4,8
4,2022,AIRE,STATO FAMIGLIA,159,203,362
4,2022,AIRE,STATO FAMIGLIA CON RAPPORTI PARENTELA,0,2,2
4,2022,AIRE,STATO FAMIGLIA E STATO CIVILE,3,2,5
4,2022,AIRE,STATO LIBERO,1,4,5
4,2022,AIRE,UNIONE CIVILE ,0,2,2
4,2022,Residenti,CITTADINANZA,1639,1202,2841
4,2022,Residenti,CONTESTUALE,36703,34695,71398
4,2022,Residenti,CONTRATTO CONVIVENZA,9,4,13
4,2022,Residenti,ESISTENZA IN VITA,1049,1284,2333
4,2022,Residenti,MATRIMONIO,7529,9504,17033
4,2022,Residenti,NASCITA,9152,9967,19119
4,2022,Residenti,RESIDENZA,31998,39845,71843
4,2022,Residenti,RESIDENZA IN CONVIVENZA,47,45,92
4,2022,Residenti,STATO CIVILE,7771,8341,16112
4,2022,Residenti,STATO FAMIGLIA,27749,34635,62384
4,2022,Residenti,STATO FAMIGLIA CON RAPPORTI PARENTELA,5298,6368,11666
4,2022,Residenti,STATO FAMIGLIA E STATO CIVILE,5326,5963,11289
4,2022,Residenti,STATO LIBERO,5484,4267,9751
4,2022,Residenti,UNIONE CIVILE ,51,36,87
5,2022,AIRE,CITTADINANZA,112,86,198
5,2022,AIRE,CONTESTUALE,392,316,708
5,2022,AIRE,MATRIMONIO,114,137,251
5,2022,AIRE,NASCITA,326,239,565
5,2022,AIRE,RESIDENZA,356,414,770
5,2022,AIRE,STATO CIVILE,4,6,10
5,2022,AIRE,STATO FAMIGLIA,187,190,377
5,2022,AIRE,STATO FAMIGLIA CON RAPPORTI PARENTELA,1,1,2
5,2022,AIRE,STATO FAMIGLIA E STATO CIVILE,3,1,4
5,2022,AIRE,STATO LIBERO,3,2,5
5,2022,AIRE,UNIONE CIVILE ,0,1,1
5,2022,Residenti,CITTADINANZA,1761,1365,3126
5,2022,Residenti,CONTESTUALE,40233,38734,78967
5,2022,Residenti,CONTRATTO CONVIVENZA,19,7,26
5,2022,Residenti,ESISTENZA IN VITA,1168,1377,2545
5,2022,Residenti,MATRIMONIO,8367,11034,19401
5,2022,Residenti,NASCITA,9845,11376,21221
5,2022,Residenti,RESIDENZA,38562,46607,85169
5,2022,Residenti,RESIDENZA IN CONVIVENZA,43,51,94
5,2022,Residenti,STATO CIVILE,9311,9925,19236
5,2022,Residenti,STATO FAMIGLIA,33215,41389,74604
5,2022,Residenti,STATO FAMIGLIA CON RAPPORTI PARENTELA,5991,7389,13380
5,2022,Residenti,STATO FAMIGLIA E STATO CIVILE,6011,6934,12945
5,2022,Residenti,STATO LIBERO,6293,4985,11278
5,2022,Residenti,UNIONE CIVILE ,38,33,71
6,2022,AIRE,CITTADINANZA,123,78,201
6,2022,AIRE,CONTESTUALE,318,256,574
6,2022,AIRE,MATRIMONIO,84,95,179
6,2022,AIRE,NASCITA,279,224,503
6,2022,AIRE,RESIDENZA,290,375,665
6,2022,AIRE,STATO CIVILE,6,2,8
6,2022,AIRE,STATO FAMIGLIA,175,206,381
6,2022,AIRE,STATO FAMIGLIA CON RAPPORTI PARENTELA,1,5,6
6,2022,AIRE,STATO FAMIGLIA E STATO CIVILE,1,1,2
6,2022,AIRE,STATO LIBERO,4,2,6
6,2022,AIRE,UNIONE CIVILE ,1,0,1
6,2022,Residenti,CITTADINANZA,1798,1390,3188
6,2022,Residenti,CONTESTUALE,36938,36983,73921
6,2022,Residenti,CONTRATTO CONVIVENZA,17,6,23
6,2022,Residenti,ESISTENZA IN VITA,1081,1376,2457
6,2022,Residenti,MATRIMONIO,8430,10567,18997
6,2022,Residenti,NASCITA,9161,10054,19215
6,2022,Residenti,RESIDENZA,35198,43581,78779
6,2022,Residenti,RESIDENZA IN CONVIVENZA,39,44,83
6,2022,Residenti,STATO CIVILE,8914,9557,18471
6,2022,Residenti,STATO FAMIGLIA,30406,38034,68440
6,2022,Residenti,STATO FAMIGLIA CON RAPPORTI PARENTELA,5605,6720,12325
6,2022,Residenti,STATO FAMIGLIA E STATO CIVILE,5325,6396,11721
6,2022,Residenti,STATO LIBERO,5697,4746,10443
6,2022,Residenti,UNIONE CIVILE ,41,40,81
7,2022,AIRE,CITTADINANZA,94,75,169
7,2022,AIRE,CONTESTUALE,300,250,550
7,2022,AIRE,ESISTENZA IN VITA,2,0,2
7,2022,AIRE,MATRIMONIO,109,121,230
7,2022,AIRE,NASCITA,262,219,481
7,2022,AIRE,RESIDENZA,317,352,669
7,2022,AIRE,STATO CIVILE,4,6,10
7,2022,AIRE,STATO FAMIGLIA,182,185,367
7,2022,AIRE,STATO FAMIGLIA CON RAPPORTI PARENTELA,1,1,2
7,2022,AIRE,STATO FAMIGLIA E STATO CIVILE,1,1,2
7,2022,AIRE,STATO LIBERO,1,2,3
7,2022,AIRE,UNIONE CIVILE ,2,0,2
7,2022,Residenti,CITTADINANZA,1550,1187,2737
7,2022,Residenti,CONTESTUALE,31962,44408,76370
7,2022,Residenti,CONTRATTO CONVIVENZA,15,16,31
7,2022,Residenti,ESISTENZA IN VITA,1043,1299,2342
7,2022,Residenti,MATRIMONIO,8065,9853,17918
7,2022,Residenti,NASCITA,8589,9661,18250
7,2022,Residenti,RESIDENZA,32515,40552,73067
7,2022,Residenti,RESIDENZA IN CONVIVENZA,40,29,69
7,2022,Residenti,STATO CIVILE,7900,8462,16362
7,2022,Residenti,STATO FAMIGLIA,27184,36943,64127
7,2022,Residenti,STATO FAMIGLIA CON RAPPORTI PARENTELA,5201,6552,11753
7,2022,Residenti,STATO FAMIGLIA E STATO CIVILE,4958,5551,10509
7,2022,Residenti,STATO LIBERO,4874,4111,8985
7,2022,Residenti,UNIONE CIVILE ,52,50,102
8,2022,AIRE,CITTADINANZA,104,69,173
8,2022,AIRE,CONTESTUALE,324,267,591
8,2022,AIRE,ESISTENZA IN VITA,2,0,2
8,2022,AIRE,MATRIMONIO,86,81,167
8,2022,AIRE,NASCITA,331,264,595
8,2022,AIRE,RESIDENZA,312,353,665
8,2022,AIRE,STATO CIVILE,4,1,5
8,2022,AIRE,STATO FAMIGLIA,175,176,351
8,2022,AIRE,STATO FAMIGLIA CON RAPPORTI PARENTELA,3,3,6
8,2022,AIRE,STATO FAMIGLIA E STATO CIVILE,1,1,2
8,2022,AIRE,STATO LIBERO,2,0,2
8,2022,AIRE,UNIONE CIVILE ,0,3,3
8,2022,Residenti,CITTADINANZA,1380,1021,2401
8,2022,Residenti,CONTESTUALE,24068,35065,59133
8,2022,Residenti,CONTRATTO CONVIVENZA,13,11,24
8,2022,Residenti,ESISTENZA IN VITA,798,962,1760
8,2022,Residenti,ISCRIZIONE NELLE LISTE ELETTORALI,0,1,1
8,2022,Residenti,MATRIMONIO,5384,5998,11382
8,2022,Residenti,NASCITA,7906,8476,16382
8,2022,Residenti,RESIDENZA,27560,33858,61418
8,2022,Residenti,RESIDENZA IN CONVIVENZA,25,40,65
8,2022,Residenti,STATO CIVILE,4631,5113,9744
8,2022,Residenti,STATO FAMIGLIA,21718,29589,51307
8,2022,Residenti,STATO FAMIGLIA CON RAPPORTI PARENTELA,4243,5397,9640
8,2022,Residenti,STATO FAMIGLIA E STATO CIVILE,3425,4089,7514
8,2022,Residenti,STATO LIBERO,2323,1880,4203
8,2022,Residenti,UNIONE CIVILE ,32,35,67
9,2022,AIRE,CITTADINANZA,126,62,188
9,2022,AIRE,CONTESTUALE,319,281,600
9,2022,AIRE,ESISTENZA IN VITA,3,2,5
9,2022,AIRE,MATRIMONIO,118,122,240
9,2022,AIRE,NASCITA,296,271,567
9,2022,AIRE,RESIDENZA,293,395,688
9,2022,AIRE,STATO CIVILE,7,4,11
9,2022,AIRE,STATO FAMIGLIA,186,194,380
9,2022,AIRE,STATO FAMIGLIA CON RAPPORTI PARENTELA,6,3,9
9,2022,AIRE,STATO FAMIGLIA E STATO CIVILE,1,0,1
9,2022,AIRE,STATO LIBERO,3,3,6
9,2022,Residenti,CITTADINANZA,2249,1872,4121
9,2022,Residenti,CONTESTUALE,42799,85804,128603
9,2022,Residenti,CONTRATTO CONVIVENZA,11,21,32
9,2022,Residenti,ESISTENZA IN VITA,1357,1394,2751
9,2022,Residenti,MATRIMONIO,9558,12015,21573
9,2022,Residenti,NASCITA,10994,14296,25290
9,2022,Residenti,RESIDENZA,40566,53377,93943
9,2022,Residenti,RESIDENZA IN CONVIVENZA,53,58,111
9,2022,Residenti,STATO CIVILE,9352,10132,19484
9,2022,Residenti,STATO FAMIGLIA,35127,55455,90582
9,2022,Residenti,STATO FAMIGLIA CON RAPPORTI PARENTELA,6472,8535,15007
9,2022,Residenti,STATO FAMIGLIA E STATO CIVILE,5684,6977,12661
9,2022,Residenti,STATO LIBERO,5629,4872,10501
9,2022,Residenti,UNIONE CIVILE ,46,62,108
10,2022,AIRE,CITTADINANZA,120,73,193
10,2022,AIRE,CONTESTUALE,325,303,628
10,2022,AIRE,ESISTENZA IN VITA,1,0,1
10,2022,AIRE,MATRIMONIO,110,110,220
10,2022,AIRE,NASCITA,331,263,594
10,2022,AIRE,RESIDENZA,344,380,724
10,2022,AIRE,STATO CIVILE,11,3,14
10,2022,AIRE,STATO FAMIGLIA,196,203,399
10,2022,AIRE,STATO FAMIGLIA CON RAPPORTI PARENTELA,7,5,12
10,2022,AIRE,STATO FAMIGLIA E STATO CIVILE,5,2,7
10,2022,AIRE,STATO LIBERO,6,2,8
10,2022,Residenti,CITTADINANZA,2087,1744,3831
10,2022,Residenti,CONTESTUALE,42091,68075,110166
10,2022,Residenti,CONTRATTO CONVIVENZA,14,17,31
10,2022,Residenti,ESISTENZA IN VITA,1289,1427,2716
10,2022,Residenti,GODIMENTO DEI DIRITTI POLITICI,0,1,1
10,2022,Residenti,ISCRIZIONE NELLE LISTE ELETTORALI,0,1,1
10,2022,Residenti,MATRIMONIO,9490,11652,21142
10,2022,Residenti,NASCITA,10289,12899,23188
10,2022,Residenti,RESIDENZA,40321,52396,92717
10,2022,Residenti,RESIDENZA IN CONVIVENZA,50,50,100
10,2022,Residenti,STATO CIVILE,9044,9890,18934
10,2022,Residenti,STATO FAMIGLIA,35746,50392,86138
10,2022,Residenti,STATO FAMIGLIA CON RAPPORTI PARENTELA,6601,8438,15039
10,2022,Residenti,STATO FAMIGLIA E STATO CIVILE,6132,7370,13502
10,2022,Residenti,STATO LIBERO,5072,4547,9619
10,2022,Residenti,UNIONE CIVILE ,54,48,102
11,2022,AIRE,CITTADINANZA,145,66,211
11,2022,AIRE,CONTESTUALE,371,326,697
11,2022,AIRE,ESISTENZA IN VITA,2,1,3
11,2022,AIRE,MATRIMONIO,117,122,239
11,2022,AIRE,NASCITA,341,261,602
11,2022,AIRE,RESIDENZA,344,342,686
11,2022,AIRE,STATO CIVILE,7,1,8
11,2022,AIRE,STATO FAMIGLIA,202,196,398
11,2022,AIRE,STATO FAMIGLIA CON RAPPORTI PARENTELA,1,2,3
11,2022,AIRE,STATO FAMIGLIA E STATO CIVILE,3,1,4
11,2022,AIRE,STATO LIBERO,1,2,3
11,2022,AIRE,UNIONE CIVILE ,0,1,1
11,2022,Residenti,CITTADINANZA,2256,1691,3947
11,2022,Residenti,CONTESTUALE,40143,50144,90287
11,2022,Residenti,CONTRATTO CONVIVENZA,17,8,25
11,2022,Residenti,ESISTENZA IN VITA,1409,1598,3007
11,2022,Residenti,GODIMENTO DEI DIRITTI POLITICI,0,3,3
11,2022,Residenti,ISCRIZIONE NELLE LISTE ELETTORALI,0,1,1
11,2022,Residenti,MATRIMONIO,8823,11589,20412
11,2022,Residenti,NASCITA,10371,11905,22276
11,2022,Residenti,RESIDENZA,39638,48690,88328
11,2022,Residenti,RESIDENZA IN CONVIVENZA,50,48,98
11,2022,Residenti,STATO CIVILE,9667,10217,19884
11,2022,Residenti,STATO FAMIGLIA,33601,45308,78909
11,2022,Residenti,STATO FAMIGLIA CON RAPPORTI PARENTELA,6871,8567,15438
11,2022,Residenti,STATO FAMIGLIA E STATO CIVILE,5978,6980,12958
11,2022,Residenti,STATO LIBERO,5498,4978,10476
11,2022,Residenti,STORICO CITTADINANZA,0,1,1
11,2022,Residenti,UNIONE CIVILE ,62,37,99
12,2022,AIRE,CITTADINANZA,167,59,226
12,2022,AIRE,CONTESTUALE,422,301,723
12,2022,AIRE,ESISTENZA IN VITA,1,1,2
12,2022,AIRE,MATRIMONIO,108,110,218
12,2022,AIRE,NASCITA,316,235,551
12,2022,AIRE,RESIDENZA,434,356,790
12,2022,AIRE,STATO CIVILE,4,3,7
12,2022,AIRE,STATO FAMIGLIA,242,184,426
12,2022,AIRE,STATO FAMIGLIA CON RAPPORTI PARENTELA,4,3,7
12,2022,AIRE,STATO FAMIGLIA E STATO CIVILE,2,1,3
12,2022,AIRE,STATO LIBERO,2,0,2
12,2022,AIRE,UNIONE CIVILE ,1,0,1
12,2022,Residenti,CITTADINANZA,2676,1381,4057
12,2022,Residenti,CONTESTUALE,34624,34584,69208
12,2022,Residenti,CONTRATTO CONVIVENZA,18,9,27
12,2022,Residenti,ESISTENZA IN VITA,1954,1534,3488
12,2022,Residenti,MATRIMONIO,7294,8388,15682
12,2022,Residenti,NASCITA,9744,9087,18831
12,2022,Residenti,RESIDENZA,35087,40029,75116
12,2022,Residenti,RESIDENZA IN CONVIVENZA,44,52,96
12,2022,Residenti,STATO CIVILE,8350,7916,16266
12,2022,Residenti,STATO FAMIGLIA,29633,35073,64706
12,2022,Residenti,STATO FAMIGLIA CON RAPPORTI PARENTELA,6625,6764,13389
12,2022,Residenti,STATO FAMIGLIA E STATO CIVILE,5826,5355,11181
12,2022,Residenti,STATO LIBERO,4850,3379,8229
12,2022,Residenti,STORICO CITTADINANZA,0,1,1
12,2022,Residenti,STORICO RESIDENZA,0,1,1
12,2022,Residenti,UNIONE CIVILE ,41,35,76
1,2023,AIRE,CITTADINANZA,12,184,196
1,2023,AIRE,CONTESTUALE,38,801,839
1,2023,AIRE,ESISTENZA IN VITA,0,2,2
1,2023,AIRE,MATRIMONIO,13,212,225
1,2023,AIRE,NASCITA,26,542,568
1,2023,AIRE,RESIDENZA,34,863,897
1,2023,AIRE,STATO CIVILE,0,12,12
1,2023,AIRE,STATO FAMIGLIA,21,411,432
1,2023,AIRE,STATO FAMIGLIA CON RAPPORTI PARENTELA,0,4,4
1,2023,AIRE,STATO FAMIGLIA E STATO CIVILE,0,5,5
1,2023,AIRE,STATO LIBERO,0,9,9
1,2023,AIRE,UNIONE CIVILE ,0,2,2
1,2023,Residenti,CITTADINANZA,137,3171,3308
1,2023,Residenti,CONTESTUALE,2289,90019,92308
1,2023,Residenti,CONTRATTO CONVIVENZA,0,26,26
1,2023,Residenti,ESISTENZA IN VITA,104,2997,3101
1,2023,Residenti,MATRIMONIO,408,17707,18115
1,2023,Residenti,NASCITA,714,22011,22725
1,2023,Residenti,RESIDENZA,2468,93753,96221
1,2023,Residenti,RESIDENZA IN CONVIVENZA,4,116,120
1,2023,Residenti,STATO CIVILE,441,17616,18057
1,2023,Residenti,STATO FAMIGLIA,3223,117321,120544
1,2023,Residenti,STATO FAMIGLIA CON RAPPORTI PARENTELA,463,18697,19160
1,2023,Residenti,STATO FAMIGLIA E STATO CIVILE,454,15304,15758
1,2023,Residenti,STATO LIBERO,213,7718,7931
1,2023,Residenti,STORICO CITTADINANZA,0,1,1
1,2023,Residenti,UNIONE CIVILE ,2,76,78
2,2023,AIRE,CITTADINANZA,0,174,174
2,2023,AIRE,CONTESTUALE,0,699,699
2,2023,AIRE,ESISTENZA IN VITA,0,1,1
2,2023,AIRE,MATRIMONIO,0,220,220
2,2023,AIRE,NASCITA,0,550,550
2,2023,AIRE,RESIDENZA,0,719,719
2,2023,AIRE,STATO CIVILE,0,7,7
2,2023,AIRE,STATO FAMIGLIA,0,394,394
2,2023,AIRE,STATO FAMIGLIA CON RAPPORTI PARENTELA,0,3,3
2,2023,AIRE,STATO FAMIGLIA E STATO CIVILE,0,3,3
2,2023,AIRE,STATO LIBERO,0,3,3
2,2023,AIRE,UNIONE CIVILE ,0,6,6
2,2023,Residenti,CITTADINANZA,0,2967,2967
2,2023,Residenti,CONTESTUALE,0,86178,86178
2,2023,Residenti,CONTRATTO CONVIVENZA,0,18,18
2,2023,Residenti,ESISTENZA IN VITA,0,2287,2287
2,2023,Residenti,MATRIMONIO,0,18141,18141
2,2023,Residenti,NASCITA,0,19880,19880
2,2023,Residenti,RESIDENZA,0,87855,87855
2,2023,Residenti,RESIDENZA IN CONVIVENZA,0,104,104
2,2023,Residenti,STATO CIVILE,0,17806,17806
2,2023,Residenti,STATO FAMIGLIA,0,88331,88331
2,2023,Residenti,STATO FAMIGLIA CON RAPPORTI PARENTELA,0,14601,14601
2,2023,Residenti,STATO FAMIGLIA E STATO CIVILE,0,12986,12986
2,2023,Residenti,STATO LIBERO,0,8335,8335
2,2023,Residenti,STORICO RESIDENZA,0,1,1
2,2023,Residenti,UNIONE CIVILE ,0,79,79