MESE,ANNO,TIPO SOGGETTO,TIPOLOGIA CERTIFICATO,BOLLO,ESENTI DA BOLLO,TOTALE
11,2021,AIRE,CITTADINANZA,296,191,487
11,2021,AIRE,CONTESTUALE,914,814,1728
11,2021,AIRE,ESISTENZA IN VITA,3,0,3
11,2021,AIRE,MATRIMONIO,221,270,491
11,2021,AIRE,NASCITA,448,380,828
11,2021,AIRE,RESIDENZA,648,695,1343
11,2021,AIRE,STATO CIVILE,11,4,15
11,2021,AIRE,STATO FAMIGLIA,364,410,774
11,2021,AIRE,STATO FAMIGLIA CON RAPPORTI PARENTELA,2,0,2
11,2021,AIRE,STATO FAMIGLIA E STATO CIVILE,4,2,6
11,2021,AIRE,STATO LIBERO,3,1,4
11,2021,AIRE,UNIONE CIVILE ,0,4,4
11,2021,Residenti,CITTADINANZA,4969,3810,8779
11,2021,Residenti,CONTESTUALE,52333,54306,106639
11,2021,Residenti,CONTRATTO CONVIVENZA,24,11,35
11,2021,Residenti,ESISTENZA IN VITA,4461,4939,9400
11,2021,Residenti,MATRIMONIO,14113,21300,35413
11,2021,Residenti,NASCITA,21967,29826,51793
11,2021,Residenti,RESIDENZA,40032,51677,91709
11,2021,Residenti,RESIDENZA IN CONVIVENZA,47,63,110
11,2021,Residenti,STATO CIVILE,11067,11850,22917
11,2021,Residenti,STATO FAMIGLIA,35586,48826,84412
11,2021,Residenti,STATO FAMIGLIA CON RAPPORTI PARENTELA,12193,15355,27548
11,2021,Residenti,STATO FAMIGLIA E STATO CIVILE,11149,13994,25143
11,2021,Residenti,STATO LIBERO,5463,3731,9194
11,2021,Residenti,STORICO CITTADINANZA,0,1,1
11,2021,Residenti,STORICO RESIDENZA,0,1,1
11,2021,Residenti,STORICO RESIDENZA ALLA DATA,0,2,2
11,2021,Residenti,UNIONE CIVILE ,178,158,336
12,2021,AIRE,CITTADINANZA,154,104,258
12,2021,AIRE,CONTESTUALE,446,301,747
12,2021,AIRE,ESISTENZA IN VITA,4,0,4
12,2021,AIRE,MATRIMONIO,176,140,316
12,2021,AIRE,NASCITA,304,242,546
12,2021,AIRE,RESIDENZA,424,400,824
12,2021,AIRE,STATO CIVILE,5,1,6
12,2021,AIRE,STATO FAMIGLIA,229,215,444
12,2021,AIRE,STATO FAMIGLIA CON RAPPORTI PARENTELA,0,2,2
12,2021,AIRE,STATO FAMIGLIA E STATO CIVILE,3,2,5
12,2021,AIRE,STATO LIBERO,2,0,2
12,2021,AIRE,UNIONE CIVILE ,2,3,5
12,2021,Residenti,CITTADINANZA,3231,1403,4634
12,2021,Residenti,CONTESTUALE,35856,30884,66740
12,2021,Residenti,CONTRATTO CONVIVENZA,7,6,13
12,2021,Residenti,ESISTENZA IN VITA,2617,2024,4641
12,2021,Residenti,MATRIMONIO,8807,9430,18237
12,2021,Residenti,NASCITA,12039,11042,23081
12,2021,Residenti,RESIDENZA,31671,35624,67295
12,2021,Residenti,RESIDENZA IN CONVIVENZA,37,30,67
12,2021,Residenti,STATO CIVILE,8767,7204,15971
12,2021,Residenti,STATO FAMIGLIA,29029,33569,62598
12,2021,Residenti,STATO FAMIGLIA CON RAPPORTI PARENTELA,7590,7135,14725
12,2021,Residenti,STATO FAMIGLIA E STATO CIVILE,7123,6227,13350
12,2021,Residenti,STATO LIBERO,5043,3007,8050
12,2021,Residenti,UNIONE CIVILE ,37,39,76
1,2022,AIRE,CITTADINANZA,150,88,238
1,2022,AIRE,CONTESTUALE,374,315,689
1,2022,AIRE,ESISTENZA IN VITA,0,1,1
1,2022,AIRE,MATRIMONIO,112,132,244
1,2022,AIRE,NASCITA,316,278,594
1,2022,AIRE,RESIDENZA,315,335,650
1,2022,AIRE,STATO CIVILE,3,5,8
1,2022,AIRE,STATO FAMIGLIA,187,214,401
1,2022,AIRE,STATO FAMIGLIA CON RAPPORTI PARENTELA,1,2,3
1,2022,AIRE,STATO FAMIGLIA E STATO CIVILE,1,1,2
1,2022,AIRE,STATO LIBERO,4,2,6
1,2022,AIRE,UNIONE CIVILE ,1,2,3
1,2022,Residenti,CITTADINANZA,1749,1564,3313
1,2022,Residenti,CONTESTUALE,39557,39417,78974
1,2022,Residenti,CONTRATTO CONVIVENZA,19,9,28
1,2022,Residenti,ESISTENZA IN VITA,1681,2247,3928
1,2022,Residenti,MATRIMONIO,8088,10952,19040
1,2022,Residenti,NASCITA,11229,12608,23837
1,2022,Residenti,RESIDENZA,36015,47556,83571
1,2022,Residenti,RESIDENZA IN CONVIVENZA,46,41,87
1,2022,Residenti,STATO CIVILE,8084,8846,16930
1,2022,Residenti,STATO FAMIGLIA,47596,61232,108828
1,2022,Residenti,STATO FAMIGLIA CON RAPPORTI PARENTELA,8204,10505,18709
1,2022,Residenti,STATO FAMIGLIA E STATO CIVILE,7429,8960,16389
1,2022,Residenti,STATO LIBERO,5084,3633,8717
1,2022,Residenti,UNIONE CIVILE ,35,40,75
2,2022,AIRE,CITTADINANZA,102,76,178
2,2022,AIRE,CONTESTUALE,330,329,659
2,2022,AIRE,ESISTENZA IN VITA,1,1,2
2,2022,AIRE,MATRIMONIO,104,134,238
2,2022,AIRE,NASCITA,302,248,550
2,2022,AIRE,RESIDENZA,319,339,658
2,2022,AIRE,STATO CIVILE,1,7,8
2,2022,AIRE,STATO FAMIGLIA,187,189,376
2,2022,AIRE,STATO FAMIGLIA CON RAPPORTI PARENTELA,0,5,5
2,2022,AIRE,STATO FAMIGLIA E STATO CIVILE,2,3,5
2,2022,AIRE,STATO LIBERO,0,1,1
2,2022,AIRE,UNIONE CIVILE ,4,2,6
2,2022,Residenti,CITTADINANZA,1770,1441,3211
2,2022,Residenti,CONTESTUALE,41666,40116,81782
2,2022,Residenti,CONTRATTO CONVIVENZA,11,9,20
2,2022,Residenti,ESISTENZA IN VITA,1322,1682,3004
2,2022,Residenti,MATRIMONIO,8484,11214,19698
2,2022,Residenti,NASCITA,10196,11622,21818
2,2022,Residenti,RESIDENZA,32774,42236,75010
2,2022,Residenti,RESIDENZA IN CONVIVENZA,45,41,86
2,2022,Residenti,STATO CIVILE,8714,9659,18373
2,2022,Residenti,STATO FAMIGLIA,37423,48910,86333
2,2022,Residenti,STATO FAMIGLIA CON RAPPORTI PARENTELA,6515,8467,14982
2,2022,Residenti,STATO FAMIGLIA E STATO CIVILE,6624,7880,14504
2,2022,Residenti,STATO LIBERO,5874,4484,10358
2,2022,Residenti,UNIONE CIVILE ,42,39,81
3,2022,AIRE,CITTADINANZA,98,84,182
3,2022,AIRE,CONTESTUALE,345,328,673
3,2022,AIRE,ESISTENZA IN VITA,0,1,1
3,2022,AIRE,MATRIMONIO,99,127,226
3,2022,AIRE,NASCITA,291,288,579
3,2022,AIRE,RESIDENZA,267,334,601
3,2022,AIRE,STATO CIVILE,7,13,20
3,2022,AIRE,STATO FAMIGLIA,185,205,390
3,2022,AIRE,STATO FAMIGLIA CON RAPPORTI PARENTELA,5,0,5
3,2022,AIRE,STATO FAMIGLIA E STATO CIVILE,5,4,9
3,2022,AIRE,STATO LIBERO,4,4,8
3,2022,AIRE,UNIONE CIVILE ,7,1,8
3,2022,Residenti,CITTADINANZA,2085,1403,3488
3,2022,Residenti,CONTESTUALE,46087,42828,88915
3,2022,Residenti,CONTRATTO CONVIVENZA,7,9,16
3,2022,Residenti,ESISTENZA IN VITA,1397,1508,2905
3,2022,Residenti,MATRIMONIO,9397,12218,21615
3,2022,Residenti,NASCITA,11115,12272,23387
3,2022,Residenti,RESIDENZA,37364,46396,83760
3,2022,Residenti,RESIDENZA IN CONVIVENZA,57,44,101
3,2022,Residenti,STATO CIVILE,9840,10093,19933
3,2022,Residenti,STATO FAMIGLIA,36203,46017,82220
3,2022,Residenti,STATO FAMIGLIA CON RAPPORTI PARENTELA,6489,8213,14702
3,2022,Residenti,STATO FAMIGLIA E STATO CIVILE,6726,7660,14386
3,2022,Residenti,STATO LIBERO,6607,5062,11669
3,2022,Residenti,UNIONE CIVILE ,40,48,88
4,2022,AIRE,CITTADINANZA,96,87,183
4,2022,AIRE,CONTESTUALE,346,283,629
4,2022,AIRE,ESISTENZA IN VITA,1,1,2
4,2022,AIRE,MATRIMONIO,70,120,190
4,2022,AIRE,NASCITA,267,228,495
4,2022,AIRE,RESIDENZA,341,447,788
4,2022,AIRE,STATO CIVILE,4,4,8
4,2022,AIRE,STATO FAMIGLIA,160,203,363
4,2022,AIRE,STATO FAMIGLIA CON RAPPORTI PARENTELA,0,5,5
4,2022,AIRE,STATO FAMIGLIA E STATO CIVILE,3,2,5
4,2022,AIRE,STATO LIBERO,1,4,5
4,2022,AIRE,UNIONE CIVILE ,0,2,2
4,2022,Residenti,CITTADINANZA,1640,1203,2843
4,2022,Residenti,CONTESTUALE,36729,34704,71433
4,2022,Residenti,CONTRATTO CONVIVENZA,9,4,13
4,2022,Residenti,ESISTENZA IN VITA,1049,1285,2334
4,2022,Residenti,MATRIMONIO,7534,9508,17042
4,2022,Residenti,NASCITA,9154,9967,19121
4,2022,Residenti,RESIDENZA,32020,39880,71900
4,2022,Residenti,RESIDENZA IN CONVIVENZA,47,45,92
4,2022,Residenti,STATO CIVILE,7777,8347,16124
4,2022,Residenti,STATO FAMIGLIA,27770,34654,62424
4,2022,Residenti,STATO FAMIGLIA CON RAPPORTI PARENTELA,5302,6369,11671
4,2022,Residenti,STATO FAMIGLIA E STATO CIVILE,5328,5969,11297
4,2022,Residenti,STATO LIBERO,5488,4267,9755
4,2022,Residenti,UNIONE CIVILE ,51,36,87
5,2022,AIRE,CITTADINANZA,112,86,198
5,2022,AIRE,CONTESTUALE,394,317,711
5,2022,AIRE,MATRIMONIO,115,137,252
5,2022,AIRE,NASCITA,327,240,567
5,2022,AIRE,RESIDENZA,358,417,775
5,2022,AIRE,STATO CIVILE,8,7,15
5,2022,AIRE,STATO FAMIGLIA,187,190,377
5,2022,AIRE,STATO FAMIGLIA CON RAPPORTI PARENTELA,1,5,6
5,2022,AIRE,STATO FAMIGLIA E STATO CIVILE,3,1,4
5,2022,AIRE,STATO LIBERO,4,2,6
5,2022,AIRE,UNIONE CIVILE ,0,1,1
5,2022,Residenti,CITTADINANZA,1764,1366,3130
5,2022,Residenti,CONTESTUALE,40268,38750,79018
5,2022,Residenti,CONTRATTO CONVIVENZA,19,7,26
5,2022,Residenti,ESISTENZA IN VITA,1171,1377,2548
5,2022,Residenti,MATRIMONIO,8369,11036,19405
5,2022,Residenti,NASCITA,9859,11378,21237
5,2022,Residenti,RESIDENZA,38590,46637,85227
5,2022,Residenti,RESIDENZA IN CONVIVENZA,43,51,94
5,2022,Residenti,STATO CIVILE,9317,9930,19247
5,2022,Residenti,STATO FAMIGLIA,33237,41421,74658
5,2022,Residenti,STATO FAMIGLIA CON RAPPORTI PARENTELA,5995,7387,13382
5,2022,Residenti,STATO FAMIGLIA E STATO CIVILE,6016,6935,12951
5,2022,Residenti,STATO LIBERO,6295,4986,11281
5,2022,Residenti,UNIONE CIVILE ,38,33,71
6,2022,AIRE,CITTADINANZA,123,78,201
6,2022,AIRE,CONTESTUALE,319,257,576
6,2022,AIRE,MATRIMONIO,85,95,180
6,2022,AIRE,NASCITA,281,226,507
6,2022,AIRE,RESIDENZA,291,377,668
6,2022,AIRE,STATO CIVILE,6,2,8
6,2022,AIRE,STATO FAMIGLIA,175,206,381
6,2022,AIRE,STATO FAMIGLIA CON RAPPORTI PARENTELA,2,5,7
6,2022,AIRE,STATO FAMIGLIA E STATO CIVILE,2,1,3
6,2022,AIRE,STATO LIBERO,4,2,6
6,2022,AIRE,UNIONE CIVILE ,1,0,1
6,2022,Residenti,CITTADINANZA,1798,1390,3188
6,2022,Residenti,CONTESTUALE,36954,37005,73959
6,2022,Residenti,CONTRATTO CONVIVENZA,17,6,23
6,2022,Residenti,ESISTENZA IN VITA,1081,1376,2457
6,2022,Residenti,MATRIMONIO,8431,10567,18998
6,2022,Residenti,NASCITA,9162,10054,19216
6,2022,Residenti,RESIDENZA,35232,43603,78835
6,2022,Residenti,RESIDENZA IN CONVIVENZA,39,44,83
6,2022,Residenti,STATO CIVILE,8921,9558,18479
6,2022,Residenti,STATO FAMIGLIA,30423,38053,68476
6,2022,Residenti,STATO FAMIGLIA CON RAPPORTI PARENTELA,5604,6722,12326
6,2022,Residenti,STATO FAMIGLIA E STATO CIVILE,5329,6399,11728
6,2022,Residenti,STATO LIBERO,5698,4746,10444
6,2022,Residenti,UNIONE CIVILE ,41,40,81
7,2022,AIRE,CITTADINANZA,94,76,170
7,2022,AIRE,CONTESTUALE,300,255,555
7,2022,AIRE,ESISTENZA IN VITA,2,0,2
7,2022,AIRE,MATRIMONIO,109,121,230
7,2022,AIRE,NASCITA,264,221,485
7,2022,AIRE,RESIDENZA,317,363,680
7,2022,AIRE,STATO CIVILE,5,6,11
7,2022,AIRE,STATO FAMIGLIA,182,186,368
7,2022,AIRE,STATO FAMIGLIA CON RAPPORTI PARENTELA,1,1,2
7,2022,AIRE,STATO FAMIGLIA E STATO CIVILE,1,1,2
7,2022,AIRE,STATO LIBERO,1,0,1
7,2022,AIRE,UNIONE CIVILE ,2,0,2
7,2022,Residenti,CITTADINANZA,1550,1187,2737
7,2022,Residenti,CONTESTUALE,31978,44420,76398
7,2022,Residenti,CONTRATTO CONVIVENZA,15,16,31
7,2022,Residenti,ESISTENZA IN VITA,1043,1299,2342
7,2022,Residenti,MATRIMONIO,8067,9854,17921
7,2022,Residenti,NASCITA,8589,9661,18250
7,2022,Residenti,RESIDENZA,32538,40567,73105
7,2022,Residenti,RESIDENZA IN CONVIVENZA,40,29,69
7,2022,Residenti,STATO CIVILE,7902,8463,16365
7,2022,Residenti,STATO FAMIGLIA,27211,36960,64171
7,2022,Residenti,STATO FAMIGLIA CON RAPPORTI PARENTELA,5205,6555,11760
7,2022,Residenti,STATO FAMIGLIA E STATO CIVILE,4963,5553,10516
7,2022,Residenti,STATO LIBERO,4874,4115,8989
7,2022,Residenti,UNIONE CIVILE ,52,50,102
8,2022,AIRE,CITTADINANZA,104,69,173
8,2022,AIRE,CONTESTUALE,328,269,597
8,2022,AIRE,ESISTENZA IN VITA,2,0,2
8,2022,AIRE,MATRIMONIO,87,87,174
8,2022,AIRE,NASCITA,336,269,605
8,2022,AIRE,RESIDENZA,313,361,674
8,2022,AIRE,STATO CIVILE,4,1,5
8,2022,AIRE,STATO FAMIGLIA,175,179,354
8,2022,AIRE,STATO FAMIGLIA CON RAPPORTI PARENTELA,7,4,11
8,2022,AIRE,STATO FAMIGLIA E STATO CIVILE,1,1,2
8,2022,AIRE,STATO LIBERO,2,0,2
8,2022,AIRE,UNIONE CIVILE ,0,3,3
8,2022,Residenti,CITTADINANZA,1380,1022,2402
8,2022,Residenti,CONTESTUALE,24070,35075,59145
8,2022,Residenti,CONTRATTO CONVIVENZA,13,11,24
8,2022,Residenti,ESISTENZA IN VITA,798,962,1760
8,2022,Residenti,ISCRIZIONE NELLE LISTE ELETTORALI,0,1,1
8,2022,Residenti,MATRIMONIO,5386,5993,11379
8,2022,Residenti,NASCITA,7907,8472,16379
8,2022,Residenti,RESIDENZA,27567,33864,61431
8,2022,Residenti,RESIDENZA IN CONVIVENZA,25,40,65
8,2022,Residenti,STATO CIVILE,4634,5114,9748
8,2022,Residenti,STATO FAMIGLIA,21728,29599,51327
8,2022,Residenti,STATO FAMIGLIA CON RAPPORTI PARENTELA,4241,5398,9639
8,2022,Residenti,STATO FAMIGLIA E STATO CIVILE,3426,4090,7516
8,2022,Residenti,STATO LIBERO,2327,1881,4208
8,2022,Residenti,UNIONE CIVILE ,32,35,67
9,2022,AIRE,CITTADINANZA,126,62,188
9,2022,AIRE,CONTESTUALE,325,284,609
9,2022,AIRE,ESISTENZA IN VITA,3,4,7
9,2022,AIRE,MATRIMONIO,118,122,240
9,2022,AIRE,NASCITA,296,273,569
9,2022,AIRE,RESIDENZA,296,399,695
9,2022,AIRE,STATO CIVILE,7,5,12
9,2022,AIRE,STATO FAMIGLIA,187,195,382
9,2022,AIRE,STATO FAMIGLIA CON RAPPORTI PARENTELA,6,3,9
9,2022,AIRE,STATO FAMIGLIA E STATO CIVILE,1,0,1
9,2022,AIRE,STATO LIBERO,3,3,6
9,2022,Residenti,CITTADINANZA,2249,1874,4123
9,2022,Residenti,CONTESTUALE,42820,85814,128634
9,2022,Residenti,CONTRATTO CONVIVENZA,11,21,32
9,2022,Residenti,ESISTENZA IN VITA,1358,1396,2754
9,2022,Residenti,MATRIMONIO,9559,12016,21575
9,2022,Residenti,NASCITA,10998,14302,25300
9,2022,Residenti,RESIDENZA,40587,53406,93993
9,2022,Residenti,RESIDENZA IN CONVIVENZA,53,59,112
9,2022,Residenti,STATO CIVILE,9354,10138,19492
9,2022,Residenti,STATO FAMIGLIA,35142,55473,90615
9,2022,Residenti,STATO FAMIGLIA CON RAPPORTI PARENTELA,6476,8537,15013
9,2022,Residenti,STATO FAMIGLIA E STATO CIVILE,5687,6979,12666
9,2022,Residenti,STATO LIBERO,5631,4875,10506
9,2022,Residenti,UNIONE CIVILE ,46,62,108
10,2022,AIRE,CITTADINANZA,120,73,193
10,2022,AIRE,CONTESTUALE,331,311,642
10,2022,AIRE,ESISTENZA IN VITA,1,0,1
10,2022,AIRE,MATRIMONIO,110,111,221
10,2022,AIRE,NASCITA,333,266,599
10,2022,AIRE,RESIDENZA,348,381,729
10,2022,AIRE,STATO CIVILE,12,6,18
10,2022,AIRE,STATO FAMIGLIA,197,206,403
10,2022,AIRE,STATO FAMIGLIA CON RAPPORTI PARENTELA,7,5,12
10,2022,AIRE,STATO FAMIGLIA E STATO CIVILE,5,2,7
10,2022,AIRE,STATO LIBERO,6,4,10
10,2022,Residenti,CITTADINANZA,2087,1745,3832
10,2022,Residenti,CONTESTUALE,42096,68089,110185
10,2022,Residenti,CONTRATTO CONVIVENZA,14,17,31
10,2022,Residenti,ESISTENZA IN VITA,1289,1427,2716
10,2022,Residenti,GODIMENTO DEI DIRITTI POLITICI,0,1,1
10,2022,Residenti,ISCRIZIONE NELLE LISTE ELETTORALI,0,1,1
10,2022,Residenti,MATRIMONIO,9494,11654,21148
10,2022,Residenti,NASCITA,10289,12899,23188
10,2022,Residenti,RESIDENZA,40333,52422,92755
10,2022,Residenti,RESIDENZA IN CONVIVENZA,50,50,100
10,2022,Residenti,STATO CIVILE,9047,9891,18938
10,2022,Residenti,STATO FAMIGLIA,35761,50407,86168
10,2022,Residenti,STATO FAMIGLIA CON RAPPORTI PARENTELA,6604,8439,15043
10,2022,Residenti,STATO FAMIGLIA E STATO CIVILE,6135,7371,13506
10,2022,Residenti,STATO LIBERO,5073,4547,9620
10,2022,Residenti,UNIONE CIVILE ,54,48,102
11,2022,AIRE,CITTADINANZA,145,66,211
11,2022,AIRE,CONTESTUALE,377,331,708
11,2022,AIRE,ESISTENZA IN VITA,2,1,3
11,2022,AIRE,MATRIMONIO,117,123,240
11,2022,AIRE,NASCITA,349,264,613
11,2022,AIRE,RESIDENZA,344,343,687
11,2022,AIRE,STATO CIVILE,7,1,8
11,2022,AIRE,STATO FAMIGLIA,204,196,400
11,2022,AIRE,STATO FAMIGLIA CON RAPPORTI PARENTELA,3,2,5
11,2022,AIRE,STATO FAMIGLIA E STATO CIVILE,4,5,9
11,2022,AIRE,STATO LIBERO,1,2,3
11,2022,AIRE,UNIONE CIVILE ,0,1,1
11,2022,Residenti,CITTADINANZA,2256,1692,3948
11,2022,Residenti,CONTESTUALE,40150,50153,90303
11,2022,Residenti,CONTRATTO CONVIVENZA,17,8,25
11,2022,Residenti,ESISTENZA IN VITA,1409,1599,3008
11,2022,Residenti,GODIMENTO DEI DIRITTI POLITICI,0,3,3
11,2022,Residenti,ISCRIZIONE NELLE LISTE ELETTORALI,0,1,1
11,2022,Residenti,MATRIMONIO,8824,11591,20415
11,2022,Residenti,NASCITA,10370,11903,22273
11,2022,Residenti,RESIDENZA,39650,48704,88354
11,2022,Residenti,RESIDENZA IN CONVIVENZA,50,48,98
11,2022,Residenti,STATO CIVILE,9670,10221,19891
11,2022,Residenti,STATO FAMIGLIA,33606,45337,78943
11,2022,Residenti,STATO FAMIGLIA CON RAPPORTI PARENTELA,6873,8577,15450
11,2022,Residenti,STATO FAMIGLIA E STATO CIVILE,5979,6980,12959
11,2022,Residenti,STATO LIBERO,5498,4981,10479
11,2022,Residenti,STORICO CITTADINANZA,0,1,1
11,2022,Residenti,UNIONE CIVILE ,62,37,99
12,2022,AIRE,CITTADINANZA,167,59,226
12,2022,AIRE,CONTESTUALE,427,302,729
12,2022,AIRE,ESISTENZA IN VITA,1,1,2
12,2022,AIRE,MATRIMONIO,108,112,220
12,2022,AIRE,NASCITA,317,238,555
12,2022,AIRE,RESIDENZA,437,362,799
12,2022,AIRE,STATO CIVILE,4,5,9
12,2022,AIRE,STATO FAMIGLIA,241,187,428
12,2022,AIRE,STATO FAMIGLIA CON RAPPORTI PARENTELA,4,3,7
12,2022,AIRE,STATO FAMIGLIA E STATO CIVILE,2,1,3
12,2022,AIRE,STATO LIBERO,2,1,3
12,2022,AIRE,UNIONE CIVILE ,1,0,1
12,2022,Residenti,CITTADINANZA,2676,1381,4057
12,2022,Residenti,CONTESTUALE,34631,34589,69220
12,2022,Residenti,CONTRATTO CONVIVENZA,18,9,27
12,2022,Residenti,ESISTENZA IN VITA,1954,1534,3488
12,2022,Residenti,MATRIMONIO,7294,8386,15680
12,2022,Residenti,NASCITA,9746,9089,18835
12,2022,Residenti,RESIDENZA,35106,40037,75143
12,2022,Residenti,RESIDENZA IN CONVIVENZA,44,52,96
12,2022,Residenti,STATO CIVILE,8351,7918,16269
12,2022,Residenti,STATO FAMIGLIA,29644,35086,64730
12,2022,Residenti,STATO FAMIGLIA CON RAPPORTI PARENTELA,6625,6765,13390
12,2022,Residenti,STATO FAMIGLIA E STATO CIVILE,5828,5355,11183
12,2022,Residenti,STATO LIBERO,4850,3378,8228
12,2022,Residenti,STORICO CITTADINANZA,0,1,1
12,2022,Residenti,STORICO RESIDENZA,0,1,1
12,2022,Residenti,UNIONE CIVILE ,41,35,76
1,2023,AIRE,CITTADINANZA,12,187,199
1,2023,AIRE,CONTESTUALE,38,805,843
1,2023,AIRE,ESISTENZA IN VITA,0,3,3
1,2023,AIRE,MATRIMONIO,14,216,230
1,2023,AIRE,NASCITA,27,555,582
1,2023,AIRE,RESIDENZA,34,879,913
1,2023,AIRE,STATO CIVILE,0,14,14
1,2023,AIRE,STATO FAMIGLIA,21,412,433
1,2023,AIRE,STATO FAMIGLIA CON RAPPORTI PARENTELA,0,6,6
1,2023,AIRE,STATO FAMIGLIA E STATO CIVILE,0,5,5
1,2023,AIRE,STATO LIBERO,0,7,7
1,2023,AIRE,UNIONE CIVILE ,0,2,2
1,2023,Residenti,CITTADINANZA,137,3169,3306
1,2023,Residenti,CONTESTUALE,2289,90041,92330
1,2023,Residenti,CONTRATTO CONVIVENZA,0,26,26
1,2023,Residenti,ESISTENZA IN VITA,104,2996,3100
1,2023,Residenti,MATRIMONIO,408,17704,18112
1,2023,Residenti,NASCITA,713,22013,22726
1,2023,Residenti,RESIDENZA,2469,93763,96232
1,2023,Residenti,RESIDENZA IN CONVIVENZA,4,116,120
1,2023,Residenti,STATO CIVILE,441,17616,18057
1,2023,Residenti,STATO FAMIGLIA,3225,117351,120576
1,2023,Residenti,STATO FAMIGLIA CON RAPPORTI PARENTELA,463,18710,19173
1,2023,Residenti,STATO FAMIGLIA E STATO CIVILE,454,15308,15762
1,2023,Residenti,STATO LIBERO,213,7722,7935
1,2023,Residenti,STORICO CITTADINANZA,0,1,1
1,2023,Residenti,UNIONE CIVILE ,2,76,78
2,2023,AIRE,CITTADINANZA,0,178,178
2,2023,AIRE,CONTESTUALE,0,709,709
2,2023,AIRE,ESISTENZA IN VITA,0,2,2
2,2023,AIRE,MATRIMONIO,0,224,224
2,2023,AIRE,NASCITA,0,577,577
2,2023,AIRE,RESIDENZA,0,737,737
2,2023,AIRE,STATO CIVILE,0,15,15
2,2023,AIRE,STATO FAMIGLIA,0,400,400
2,2023,AIRE,STATO FAMIGLIA CON RAPPORTI PARENTELA,0,6,6
2,2023,AIRE,STATO FAMIGLIA E STATO CIVILE,0,5,5
2,2023,AIRE,STATO LIBERO,0,5,5
2,2023,AIRE,UNIONE CIVILE ,0,6,6
2,2023,Residenti,CITTADINANZA,0,2965,2965
2,2023,Residenti,CONTESTUALE,0,86180,86180
2,2023,Residenti,CONTRATTO CONVIVENZA,0,18,18
2,2023,Residenti,ESISTENZA IN VITA,0,2286,2286
2,2023,Residenti,MATRIMONIO,0,18140,18140
2,2023,Residenti,NASCITA,0,19859,19859
2,2023,Residenti,RESIDENZA,0,87861,87861
2,2023,Residenti,RESIDENZA IN CONVIVENZA,0,106,106
2,2023,Residenti,STATO CIVILE,0,17800,17800
2,2023,Residenti,STATO FAMIGLIA,0,88336,88336
2,2023,Residenti,STATO FAMIGLIA CON RAPPORTI PARENTELA,0,14599,14599
2,2023,Residenti,STATO FAMIGLIA E STATO CIVILE,0,12988,12988
2,2023,Residenti,STATO LIBERO,0,8333,8333
2,2023,Residenti,STORICO RESIDENZA,0,1,1
2,2023,Residenti,UNIONE CIVILE ,0,79,79
3,2023,AIRE,CITTADINANZA,0,180,180
3,2023,AIRE,CONTESTUALE,0,734,734
3,2023,AIRE,ESISTENZA IN VITA,0,2,2
3,2023,AIRE,MATRIMONIO,0,280,280
3,2023,AIRE,NASCITA,0,534,534
3,2023,AIRE,RESIDENZA,0,863,863
3,2023,AIRE,STATO CIVILE,0,14,14
3,2023,AIRE,STATO FAMIGLIA,0,378,378
3,2023,AIRE,STATO FAMIGLIA CON RAPPORTI PARENTELA,0,6,6
3,2023,AIRE,STATO FAMIGLIA E STATO CIVILE,0,5,5
3,2023,AIRE,STATO LIBERO,0,3,3
3,2023,AIRE,UNIONE CIVILE ,0,2,2
3,2023,Residenti,CITTADINANZA,0,2961,2961
3,2023,Residenti,CONTESTUALE,0,85683,85683
3,2023,Residenti,CONTRATTO CONVIVENZA,0,23,23
3,2023,Residenti,ESISTENZA IN VITA,0,2347,2347
3,2023,Residenti,MATRIMONIO,0,17004,17004
3,2023,Residenti,NASCITA,0,19916,19916
3,2023,Residenti,RESIDENZA,0,88535,88535
3,2023,Residenti,RESIDENZA IN CONVIVENZA,0,101,101
3,2023,Residenti,STATO CIVILE,0,17275,17275
3,2023,Residenti,STATO FAMIGLIA,0,77924,77924
3,2023,Residenti,STATO FAMIGLIA CON RAPPORTI PARENTELA,0,13168,13168
3,2023,Residenti,STATO FAMIGLIA E STATO CIVILE,0,11762,11762
3,2023,Residenti,STATO LIBERO,0,7662,7662
3,2023,Residenti,UNIONE CIVILE ,0,81,81
4,2023,AIRE,CITTADINANZA,0,149,149
4,2023,AIRE,CONTESTUALE,0,608,608
4,2023,AIRE,ESISTENZA IN VITA,0,1,1
4,2023,AIRE,MATRIMONIO,0,182,182
4,2023,AIRE,NASCITA,0,401,401
4,2023,AIRE,RESIDENZA,0,664,664
4,2023,AIRE,STATO CIVILE,0,7,7
4,2023,AIRE,STATO FAMIGLIA,0,318,318
4,2023,AIRE,UNIONE CIVILE ,0,3,3
4,2023,Residenti,CITTADINANZA,0,2352,2352
4,2023,Residenti,CONTESTUALE,0,63572,63572
4,2023,Residenti,CONTRATTO CONVIVENZA,0,13,13
4,2023,Residenti,ESISTENZA IN VITA,0,1629,1629
4,2023,Residenti,MATRIMONIO,0,11900,11900
4,2023,Residenti,NASCITA,0,14585,14585
4,2023,Residenti,RESIDENZA,0,69035,69035
4,2023,Residenti,RESIDENZA IN CONVIVENZA,0,88,88
4,2023,Residenti,STATO CIVILE,0,12482,12482
4,2023,Residenti,STATO FAMIGLIA,0,54464,54464
4,2023,Residenti,STATO FAMIGLIA CON RAPPORTI PARENTELA,0,9424,9424
4,2023,Residenti,STATO FAMIGLIA E STATO CIVILE,0,8601,8601
4,2023,Residenti,STATO LIBERO,0,5511,5511
4,2023,Residenti,UNIONE CIVILE ,0,63,63