MESE,ANNO,TIPO SOGGETTO,TIPOLOGIA CERTIFICATO,BOLLO,ESENTI DA BOLLO,TOTALE
11,2021,AIRE,CITTADINANZA,296,191,487
11,2021,AIRE,CONTESTUALE,914,814,1728
11,2021,AIRE,ESISTENZA IN VITA,3,0,3
11,2021,AIRE,MATRIMONIO,221,270,491
11,2021,AIRE,NASCITA,448,380,828
11,2021,AIRE,RESIDENZA,648,695,1343
11,2021,AIRE,STATO CIVILE,11,4,15
11,2021,AIRE,STATO FAMIGLIA,364,410,774
11,2021,AIRE,STATO FAMIGLIA CON RAPPORTI PARENTELA,2,0,2
11,2021,AIRE,STATO FAMIGLIA E STATO CIVILE,4,2,6
11,2021,AIRE,STATO LIBERO,3,1,4
11,2021,AIRE,UNIONE CIVILE ,0,4,4
11,2021,Residenti,CITTADINANZA,4969,3810,8779
11,2021,Residenti,CONTESTUALE,52337,54317,106654
11,2021,Residenti,CONTRATTO CONVIVENZA,24,11,35
11,2021,Residenti,ESISTENZA IN VITA,4461,4939,9400
11,2021,Residenti,MATRIMONIO,14113,21300,35413
11,2021,Residenti,NASCITA,21968,29827,51795
11,2021,Residenti,RESIDENZA,40035,51686,91721
11,2021,Residenti,RESIDENZA IN CONVIVENZA,47,63,110
11,2021,Residenti,STATO CIVILE,11069,11852,22921
11,2021,Residenti,STATO FAMIGLIA,35591,48827,84418
11,2021,Residenti,STATO FAMIGLIA CON RAPPORTI PARENTELA,12194,15355,27549
11,2021,Residenti,STATO FAMIGLIA E STATO CIVILE,11149,13994,25143
11,2021,Residenti,STATO LIBERO,5463,3732,9195
11,2021,Residenti,UNIONE CIVILE ,178,158,336
12,2021,AIRE,CITTADINANZA,154,104,258
12,2021,AIRE,CONTESTUALE,446,301,747
12,2021,AIRE,ESISTENZA IN VITA,4,0,4
12,2021,AIRE,MATRIMONIO,176,140,316
12,2021,AIRE,NASCITA,304,242,546
12,2021,AIRE,RESIDENZA,424,400,824
12,2021,AIRE,STATO CIVILE,5,1,6
12,2021,AIRE,STATO FAMIGLIA,229,215,444
12,2021,AIRE,STATO FAMIGLIA CON RAPPORTI PARENTELA,0,2,2
12,2021,AIRE,STATO FAMIGLIA E STATO CIVILE,3,2,5
12,2021,AIRE,STATO LIBERO,2,0,2
12,2021,AIRE,UNIONE CIVILE ,2,3,5
12,2021,Residenti,CITTADINANZA,3231,1403,4634
12,2021,Residenti,CONTESTUALE,35856,30888,66744
12,2021,Residenti,CONTRATTO CONVIVENZA,7,6,13
12,2021,Residenti,ESISTENZA IN VITA,2617,2024,4641
12,2021,Residenti,MATRIMONIO,8807,9430,18237
12,2021,Residenti,NASCITA,12039,11042,23081
12,2021,Residenti,RESIDENZA,31677,35633,67310
12,2021,Residenti,RESIDENZA IN CONVIVENZA,37,30,67
12,2021,Residenti,STATO CIVILE,8768,7205,15973
12,2021,Residenti,STATO FAMIGLIA,29035,33570,62605
12,2021,Residenti,STATO FAMIGLIA CON RAPPORTI PARENTELA,7591,7135,14726
12,2021,Residenti,STATO FAMIGLIA E STATO CIVILE,7123,6227,13350
12,2021,Residenti,STATO LIBERO,5043,3007,8050
12,2021,Residenti,UNIONE CIVILE ,37,39,76
1,2022,AIRE,CITTADINANZA,150,88,238
1,2022,AIRE,CONTESTUALE,374,315,689
1,2022,AIRE,ESISTENZA IN VITA,0,1,1
1,2022,AIRE,MATRIMONIO,112,132,244
1,2022,AIRE,NASCITA,316,278,594
1,2022,AIRE,RESIDENZA,315,335,650
1,2022,AIRE,STATO CIVILE,3,5,8
1,2022,AIRE,STATO FAMIGLIA,187,214,401
1,2022,AIRE,STATO FAMIGLIA CON RAPPORTI PARENTELA,1,2,3
1,2022,AIRE,STATO FAMIGLIA E STATO CIVILE,1,1,2
1,2022,AIRE,STATO LIBERO,4,2,6
1,2022,AIRE,UNIONE CIVILE ,1,2,3
1,2022,Residenti,CITTADINANZA,1749,1564,3313
1,2022,Residenti,CONTESTUALE,39560,39420,78980
1,2022,Residenti,CONTRATTO CONVIVENZA,19,9,28
1,2022,Residenti,ESISTENZA IN VITA,1682,2247,3929
1,2022,Residenti,MATRIMONIO,8088,10953,19041
1,2022,Residenti,NASCITA,11229,12608,23837
1,2022,Residenti,RESIDENZA,36020,47561,83581
1,2022,Residenti,RESIDENZA IN CONVIVENZA,46,41,87
1,2022,Residenti,STATO CIVILE,8084,8846,16930
1,2022,Residenti,STATO FAMIGLIA,47605,61239,108844
1,2022,Residenti,STATO FAMIGLIA CON RAPPORTI PARENTELA,8204,10506,18710
1,2022,Residenti,STATO FAMIGLIA E STATO CIVILE,7429,8960,16389
1,2022,Residenti,STATO LIBERO,5084,3633,8717
1,2022,Residenti,UNIONE CIVILE ,35,40,75
2,2022,AIRE,CITTADINANZA,102,76,178
2,2022,AIRE,CONTESTUALE,330,329,659
2,2022,AIRE,ESISTENZA IN VITA,1,1,2
2,2022,AIRE,MATRIMONIO,104,134,238
2,2022,AIRE,NASCITA,302,248,550
2,2022,AIRE,RESIDENZA,319,339,658
2,2022,AIRE,STATO CIVILE,1,7,8
2,2022,AIRE,STATO FAMIGLIA,187,189,376
2,2022,AIRE,STATO FAMIGLIA CON RAPPORTI PARENTELA,0,5,5
2,2022,AIRE,STATO FAMIGLIA E STATO CIVILE,2,3,5
2,2022,AIRE,STATO LIBERO,0,1,1
2,2022,AIRE,UNIONE CIVILE ,4,2,6
2,2022,Residenti,CITTADINANZA,1770,1441,3211
2,2022,Residenti,CONTESTUALE,41667,40119,81786
2,2022,Residenti,CONTRATTO CONVIVENZA,11,9,20
2,2022,Residenti,ESISTENZA IN VITA,1323,1682,3005
2,2022,Residenti,MATRIMONIO,8485,11214,19699
2,2022,Residenti,NASCITA,10199,11622,21821
2,2022,Residenti,RESIDENZA,32777,42245,75022
2,2022,Residenti,RESIDENZA IN CONVIVENZA,45,41,86
2,2022,Residenti,STATO CIVILE,8715,9659,18374
2,2022,Residenti,STATO FAMIGLIA,37425,48914,86339
2,2022,Residenti,STATO FAMIGLIA CON RAPPORTI PARENTELA,6516,8467,14983
2,2022,Residenti,STATO FAMIGLIA E STATO CIVILE,6625,7880,14505
2,2022,Residenti,STATO LIBERO,5875,4484,10359
2,2022,Residenti,UNIONE CIVILE ,42,39,81
3,2022,AIRE,CITTADINANZA,98,84,182
3,2022,AIRE,CONTESTUALE,345,328,673
3,2022,AIRE,ESISTENZA IN VITA,0,1,1
3,2022,AIRE,MATRIMONIO,99,127,226
3,2022,AIRE,NASCITA,291,288,579
3,2022,AIRE,RESIDENZA,267,334,601
3,2022,AIRE,STATO CIVILE,7,13,20
3,2022,AIRE,STATO FAMIGLIA,185,205,390
3,2022,AIRE,STATO FAMIGLIA CON RAPPORTI PARENTELA,5,0,5
3,2022,AIRE,STATO FAMIGLIA E STATO CIVILE,5,4,9
3,2022,AIRE,STATO LIBERO,4,4,8
3,2022,AIRE,UNIONE CIVILE ,7,1,8
3,2022,Residenti,CITTADINANZA,2085,1403,3488
3,2022,Residenti,CONTESTUALE,46092,42829,88921
3,2022,Residenti,CONTRATTO CONVIVENZA,7,9,16
3,2022,Residenti,ESISTENZA IN VITA,1397,1508,2905
3,2022,Residenti,MATRIMONIO,9397,12218,21615
3,2022,Residenti,NASCITA,11115,12272,23387
3,2022,Residenti,RESIDENZA,37370,46400,83770
3,2022,Residenti,RESIDENZA IN CONVIVENZA,57,44,101
3,2022,Residenti,STATO CIVILE,9841,10094,19935
3,2022,Residenti,STATO FAMIGLIA,36208,46020,82228
3,2022,Residenti,STATO FAMIGLIA CON RAPPORTI PARENTELA,6489,8213,14702
3,2022,Residenti,STATO FAMIGLIA E STATO CIVILE,6726,7660,14386
3,2022,Residenti,STATO LIBERO,6607,5062,11669
3,2022,Residenti,UNIONE CIVILE ,40,48,88
4,2022,AIRE,CITTADINANZA,96,87,183
4,2022,AIRE,CONTESTUALE,346,283,629
4,2022,AIRE,ESISTENZA IN VITA,1,1,2
4,2022,AIRE,MATRIMONIO,71,120,191
4,2022,AIRE,NASCITA,267,228,495
4,2022,AIRE,RESIDENZA,341,448,789
4,2022,AIRE,STATO CIVILE,4,4,8
4,2022,AIRE,STATO FAMIGLIA,160,203,363
4,2022,AIRE,STATO FAMIGLIA CON RAPPORTI PARENTELA,0,5,5
4,2022,AIRE,STATO FAMIGLIA E STATO CIVILE,3,2,5
4,2022,AIRE,STATO LIBERO,1,4,5
4,2022,AIRE,UNIONE CIVILE ,0,2,2
4,2022,Residenti,CITTADINANZA,1640,1203,2843
4,2022,Residenti,CONTESTUALE,36734,34708,71442
4,2022,Residenti,CONTRATTO CONVIVENZA,9,4,13
4,2022,Residenti,ESISTENZA IN VITA,1049,1285,2334
4,2022,Residenti,MATRIMONIO,7534,9512,17046
4,2022,Residenti,NASCITA,9155,9970,19125
4,2022,Residenti,RESIDENZA,32028,39882,71910
4,2022,Residenti,RESIDENZA IN CONVIVENZA,47,45,92
4,2022,Residenti,STATO CIVILE,7777,8348,16125
4,2022,Residenti,STATO FAMIGLIA,27773,34658,62431
4,2022,Residenti,STATO FAMIGLIA CON RAPPORTI PARENTELA,5302,6369,11671
4,2022,Residenti,STATO FAMIGLIA E STATO CIVILE,5328,5969,11297
4,2022,Residenti,STATO LIBERO,5488,4268,9756
4,2022,Residenti,UNIONE CIVILE ,51,36,87
5,2022,AIRE,CITTADINANZA,112,86,198
5,2022,AIRE,CONTESTUALE,394,318,712
5,2022,AIRE,MATRIMONIO,115,138,253
5,2022,AIRE,NASCITA,329,241,570
5,2022,AIRE,RESIDENZA,358,416,774
5,2022,AIRE,STATO CIVILE,8,8,16
5,2022,AIRE,STATO FAMIGLIA,187,189,376
5,2022,AIRE,STATO FAMIGLIA CON RAPPORTI PARENTELA,1,5,6
5,2022,AIRE,STATO FAMIGLIA E STATO CIVILE,3,1,4
5,2022,AIRE,STATO LIBERO,4,2,6
5,2022,AIRE,UNIONE CIVILE ,0,1,1
5,2022,Residenti,CITTADINANZA,1764,1366,3130
5,2022,Residenti,CONTESTUALE,40269,38752,79021
5,2022,Residenti,CONTRATTO CONVIVENZA,19,7,26
5,2022,Residenti,ESISTENZA IN VITA,1171,1377,2548
5,2022,Residenti,MATRIMONIO,8369,11035,19404
5,2022,Residenti,NASCITA,9857,11377,21234
5,2022,Residenti,RESIDENZA,38591,46644,85235
5,2022,Residenti,RESIDENZA IN CONVIVENZA,43,51,94
5,2022,Residenti,STATO CIVILE,9317,9929,19246
5,2022,Residenti,STATO FAMIGLIA,33240,41424,74664
5,2022,Residenti,STATO FAMIGLIA CON RAPPORTI PARENTELA,5995,7387,13382
5,2022,Residenti,STATO FAMIGLIA E STATO CIVILE,6016,6935,12951
5,2022,Residenti,STATO LIBERO,6295,4986,11281
5,2022,Residenti,UNIONE CIVILE ,38,33,71
6,2022,AIRE,CITTADINANZA,123,82,205
6,2022,AIRE,CONTESTUALE,320,257,577
6,2022,AIRE,MATRIMONIO,85,98,183
6,2022,AIRE,NASCITA,283,226,509
6,2022,AIRE,RESIDENZA,291,379,670
6,2022,AIRE,STATO CIVILE,6,6,12
6,2022,AIRE,STATO FAMIGLIA,175,208,383
6,2022,AIRE,STATO FAMIGLIA CON RAPPORTI PARENTELA,2,5,7
6,2022,AIRE,STATO FAMIGLIA E STATO CIVILE,2,1,3
6,2022,AIRE,STATO LIBERO,4,2,6
6,2022,AIRE,UNIONE CIVILE ,1,0,1
6,2022,Residenti,CITTADINANZA,1798,1386,3184
6,2022,Residenti,CONTESTUALE,36956,37008,73964
6,2022,Residenti,CONTRATTO CONVIVENZA,17,6,23
6,2022,Residenti,ESISTENZA IN VITA,1081,1377,2458
6,2022,Residenti,MATRIMONIO,8431,10565,18996
6,2022,Residenti,NASCITA,9162,10054,19216
6,2022,Residenti,RESIDENZA,35234,43605,78839
6,2022,Residenti,RESIDENZA IN CONVIVENZA,39,44,83
6,2022,Residenti,STATO CIVILE,8922,9556,18478
6,2022,Residenti,STATO FAMIGLIA,30423,38056,68479
6,2022,Residenti,STATO FAMIGLIA CON RAPPORTI PARENTELA,5604,6724,12328
6,2022,Residenti,STATO FAMIGLIA E STATO CIVILE,5330,6399,11729
6,2022,Residenti,STATO LIBERO,5698,4747,10445
6,2022,Residenti,UNIONE CIVILE ,41,40,81
7,2022,AIRE,CITTADINANZA,94,76,170
7,2022,AIRE,CONTESTUALE,300,259,559
7,2022,AIRE,ESISTENZA IN VITA,2,0,2
7,2022,AIRE,MATRIMONIO,109,121,230
7,2022,AIRE,NASCITA,264,222,486
7,2022,AIRE,RESIDENZA,318,364,682
7,2022,AIRE,STATO CIVILE,5,6,11
7,2022,AIRE,STATO FAMIGLIA,182,187,369
7,2022,AIRE,STATO FAMIGLIA CON RAPPORTI PARENTELA,1,1,2
7,2022,AIRE,STATO FAMIGLIA E STATO CIVILE,1,1,2
7,2022,AIRE,STATO LIBERO,1,0,1
7,2022,AIRE,UNIONE CIVILE ,2,0,2
7,2022,Residenti,CITTADINANZA,1550,1187,2737
7,2022,Residenti,CONTESTUALE,31981,44422,76403
7,2022,Residenti,CONTRATTO CONVIVENZA,15,16,31
7,2022,Residenti,ESISTENZA IN VITA,1043,1299,2342
7,2022,Residenti,MATRIMONIO,8067,9854,17921
7,2022,Residenti,NASCITA,8589,9660,18249
7,2022,Residenti,RESIDENZA,32541,40565,73106
7,2022,Residenti,RESIDENZA IN CONVIVENZA,40,29,69
7,2022,Residenti,STATO CIVILE,7902,8463,16365
7,2022,Residenti,STATO FAMIGLIA,27212,36960,64172
7,2022,Residenti,STATO FAMIGLIA CON RAPPORTI PARENTELA,5205,6554,11759
7,2022,Residenti,STATO FAMIGLIA E STATO CIVILE,4963,5553,10516
7,2022,Residenti,STATO LIBERO,4874,4115,8989
7,2022,Residenti,UNIONE CIVILE ,52,50,102
8,2022,AIRE,CITTADINANZA,104,69,173
8,2022,AIRE,CONTESTUALE,331,270,601
8,2022,AIRE,ESISTENZA IN VITA,2,0,2
8,2022,AIRE,MATRIMONIO,87,87,174
8,2022,AIRE,NASCITA,338,270,608
8,2022,AIRE,RESIDENZA,315,363,678
8,2022,AIRE,STATO CIVILE,5,1,6
8,2022,AIRE,STATO FAMIGLIA,175,179,354
8,2022,AIRE,STATO FAMIGLIA CON RAPPORTI PARENTELA,7,4,11
8,2022,AIRE,STATO FAMIGLIA E STATO CIVILE,1,1,2
8,2022,AIRE,STATO LIBERO,2,0,2
8,2022,AIRE,UNIONE CIVILE ,0,3,3
8,2022,Residenti,CITTADINANZA,1380,1022,2402
8,2022,Residenti,CONTESTUALE,24080,35076,59156
8,2022,Residenti,CONTRATTO CONVIVENZA,13,11,24
8,2022,Residenti,ESISTENZA IN VITA,798,962,1760
8,2022,Residenti,MATRIMONIO,5386,5994,11380
8,2022,Residenti,NASCITA,7905,8471,16376
8,2022,Residenti,RESIDENZA,27569,33870,61439
8,2022,Residenti,RESIDENZA IN CONVIVENZA,25,40,65
8,2022,Residenti,STATO CIVILE,4633,5114,9747
8,2022,Residenti,STATO FAMIGLIA,21728,29604,51332
8,2022,Residenti,STATO FAMIGLIA CON RAPPORTI PARENTELA,4241,5398,9639
8,2022,Residenti,STATO FAMIGLIA E STATO CIVILE,3426,4091,7517
8,2022,Residenti,STATO LIBERO,2327,1881,4208
8,2022,Residenti,UNIONE CIVILE ,32,35,67
9,2022,AIRE,CITTADINANZA,127,62,189
9,2022,AIRE,CONTESTUALE,327,287,614
9,2022,AIRE,ESISTENZA IN VITA,3,4,7
9,2022,AIRE,MATRIMONIO,118,122,240
9,2022,AIRE,NASCITA,298,275,573
9,2022,AIRE,RESIDENZA,297,401,698
9,2022,AIRE,STATO CIVILE,10,5,15
9,2022,AIRE,STATO FAMIGLIA,187,195,382
9,2022,AIRE,STATO FAMIGLIA CON RAPPORTI PARENTELA,7,3,10
9,2022,AIRE,STATO FAMIGLIA E STATO CIVILE,3,0,3
9,2022,AIRE,STATO LIBERO,3,3,6
9,2022,Residenti,CITTADINANZA,2249,1875,4124
9,2022,Residenti,CONTESTUALE,42825,85826,128651
9,2022,Residenti,CONTRATTO CONVIVENZA,11,21,32
9,2022,Residenti,ESISTENZA IN VITA,1358,1396,2754
9,2022,Residenti,MATRIMONIO,9559,12016,21575
9,2022,Residenti,NASCITA,10998,14301,25299
9,2022,Residenti,RESIDENZA,40593,53416,94009
9,2022,Residenti,RESIDENZA IN CONVIVENZA,53,59,112
9,2022,Residenti,STATO CIVILE,9352,10140,19492
9,2022,Residenti,STATO FAMIGLIA,35148,55484,90632
9,2022,Residenti,STATO FAMIGLIA CON RAPPORTI PARENTELA,6477,8537,15014
9,2022,Residenti,STATO FAMIGLIA E STATO CIVILE,5687,6982,12669
9,2022,Residenti,STATO LIBERO,5631,4877,10508
9,2022,Residenti,UNIONE CIVILE ,46,62,108
10,2022,AIRE,CITTADINANZA,121,73,194
10,2022,AIRE,CONTESTUALE,334,311,645
10,2022,AIRE,ESISTENZA IN VITA,1,0,1
10,2022,AIRE,MATRIMONIO,111,112,223
10,2022,AIRE,NASCITA,334,267,601
10,2022,AIRE,RESIDENZA,350,384,734
10,2022,AIRE,STATO CIVILE,12,6,18
10,2022,AIRE,STATO FAMIGLIA,197,206,403
10,2022,AIRE,STATO FAMIGLIA CON RAPPORTI PARENTELA,7,5,12
10,2022,AIRE,STATO FAMIGLIA E STATO CIVILE,5,2,7
10,2022,AIRE,STATO LIBERO,6,4,10
10,2022,Residenti,CITTADINANZA,2086,1746,3832
10,2022,Residenti,CONTESTUALE,42104,68094,110198
10,2022,Residenti,CONTRATTO CONVIVENZA,14,17,31
10,2022,Residenti,ESISTENZA IN VITA,1289,1427,2716
10,2022,Residenti,MATRIMONIO,9494,11653,21147
10,2022,Residenti,NASCITA,10289,12899,23188
10,2022,Residenti,RESIDENZA,40339,52424,92763
10,2022,Residenti,RESIDENZA IN CONVIVENZA,50,50,100
10,2022,Residenti,STATO CIVILE,9049,9895,18944
10,2022,Residenti,STATO FAMIGLIA,35766,50417,86183
10,2022,Residenti,STATO FAMIGLIA CON RAPPORTI PARENTELA,6604,8436,15040
10,2022,Residenti,STATO FAMIGLIA E STATO CIVILE,6135,7373,13508
10,2022,Residenti,STATO LIBERO,5074,4548,9622
10,2022,Residenti,UNIONE CIVILE ,54,48,102
11,2022,AIRE,CITTADINANZA,145,66,211
11,2022,AIRE,CONTESTUALE,380,333,713
11,2022,AIRE,ESISTENZA IN VITA,2,1,3
11,2022,AIRE,MATRIMONIO,117,123,240
11,2022,AIRE,NASCITA,351,269,620
11,2022,AIRE,RESIDENZA,344,344,688
11,2022,AIRE,STATO CIVILE,8,1,9
11,2022,AIRE,STATO FAMIGLIA,204,197,401
11,2022,AIRE,STATO FAMIGLIA CON RAPPORTI PARENTELA,3,2,5
11,2022,AIRE,STATO FAMIGLIA E STATO CIVILE,4,5,9
11,2022,AIRE,STATO LIBERO,1,2,3
11,2022,AIRE,UNIONE CIVILE ,0,1,1
11,2022,Residenti,CITTADINANZA,2259,1692,3951
11,2022,Residenti,CONTESTUALE,40151,50158,90309
11,2022,Residenti,CONTRATTO CONVIVENZA,17,8,25
11,2022,Residenti,ESISTENZA IN VITA,1409,1599,3008
11,2022,Residenti,MATRIMONIO,8825,11591,20416
11,2022,Residenti,NASCITA,10371,11898,22269
11,2022,Residenti,RESIDENZA,39652,48712,88364
11,2022,Residenti,RESIDENZA IN CONVIVENZA,50,48,98
11,2022,Residenti,STATO CIVILE,9669,10225,19894
11,2022,Residenti,STATO FAMIGLIA,33609,45338,78947
11,2022,Residenti,STATO FAMIGLIA CON RAPPORTI PARENTELA,6874,8577,15451
11,2022,Residenti,STATO FAMIGLIA E STATO CIVILE,5979,6981,12960
11,2022,Residenti,STATO LIBERO,5498,4985,10483
11,2022,Residenti,UNIONE CIVILE ,62,37,99
12,2022,AIRE,CITTADINANZA,168,59,227
12,2022,AIRE,CONTESTUALE,428,305,733
12,2022,AIRE,ESISTENZA IN VITA,1,1,2
12,2022,AIRE,MATRIMONIO,109,112,221
12,2022,AIRE,NASCITA,319,243,562
12,2022,AIRE,RESIDENZA,438,365,803
12,2022,AIRE,STATO CIVILE,7,5,12
12,2022,AIRE,STATO FAMIGLIA,241,186,427
12,2022,AIRE,STATO FAMIGLIA CON RAPPORTI PARENTELA,4,3,7
12,2022,AIRE,STATO FAMIGLIA E STATO CIVILE,2,1,3
12,2022,AIRE,STATO LIBERO,2,1,3
12,2022,AIRE,UNIONE CIVILE ,1,0,1
12,2022,Residenti,CITTADINANZA,2676,1381,4057
12,2022,Residenti,CONTESTUALE,34633,34587,69220
12,2022,Residenti,CONTRATTO CONVIVENZA,18,9,27
12,2022,Residenti,ESISTENZA IN VITA,1954,1534,3488
12,2022,Residenti,MATRIMONIO,7293,8386,15679
12,2022,Residenti,NASCITA,9744,9084,18828
12,2022,Residenti,RESIDENZA,35110,40037,75147
12,2022,Residenti,RESIDENZA IN CONVIVENZA,44,52,96
12,2022,Residenti,STATO CIVILE,8348,7919,16267
12,2022,Residenti,STATO FAMIGLIA,29649,35094,64743
12,2022,Residenti,STATO FAMIGLIA CON RAPPORTI PARENTELA,6625,6765,13390
12,2022,Residenti,STATO FAMIGLIA E STATO CIVILE,5828,5355,11183
12,2022,Residenti,STATO LIBERO,4850,3378,8228
12,2022,Residenti,UNIONE CIVILE ,41,35,76
1,2023,AIRE,CITTADINANZA,12,187,199
1,2023,AIRE,CONTESTUALE,38,812,850
1,2023,AIRE,ESISTENZA IN VITA,0,4,4
1,2023,AIRE,MATRIMONIO,14,218,232
1,2023,AIRE,NASCITA,27,565,592
1,2023,AIRE,RESIDENZA,34,885,919
1,2023,AIRE,STATO CIVILE,0,17,17
1,2023,AIRE,STATO FAMIGLIA,21,414,435
1,2023,AIRE,STATO FAMIGLIA CON RAPPORTI PARENTELA,0,9,9
1,2023,AIRE,STATO FAMIGLIA E STATO CIVILE,0,6,6
1,2023,AIRE,STATO LIBERO,0,8,8
1,2023,AIRE,UNIONE CIVILE ,0,2,2
1,2023,Residenti,CITTADINANZA,137,3170,3307
1,2023,Residenti,CONTESTUALE,2289,90049,92338
1,2023,Residenti,CONTRATTO CONVIVENZA,0,26,26
1,2023,Residenti,ESISTENZA IN VITA,104,2996,3100
1,2023,Residenti,MATRIMONIO,408,17702,18110
1,2023,Residenti,NASCITA,713,22004,22717
1,2023,Residenti,RESIDENZA,2469,93775,96244
1,2023,Residenti,RESIDENZA IN CONVIVENZA,4,116,120
1,2023,Residenti,STATO CIVILE,441,17614,18055
1,2023,Residenti,STATO FAMIGLIA,3225,117364,120589
1,2023,Residenti,STATO FAMIGLIA CON RAPPORTI PARENTELA,463,18709,19172
1,2023,Residenti,STATO FAMIGLIA E STATO CIVILE,454,15310,15764
1,2023,Residenti,STATO LIBERO,213,7721,7934
1,2023,Residenti,UNIONE CIVILE ,2,76,78
2,2023,AIRE,CITTADINANZA,0,179,179
2,2023,AIRE,CONTESTUALE,0,717,717
2,2023,AIRE,ESISTENZA IN VITA,0,2,2
2,2023,AIRE,MATRIMONIO,0,227,227
2,2023,AIRE,NASCITA,0,583,583
2,2023,AIRE,RESIDENZA,0,742,742
2,2023,AIRE,STATO CIVILE,0,15,15
2,2023,AIRE,STATO FAMIGLIA,0,404,404
2,2023,AIRE,STATO FAMIGLIA CON RAPPORTI PARENTELA,0,7,7
2,2023,AIRE,STATO FAMIGLIA E STATO CIVILE,0,6,6
2,2023,AIRE,STATO LIBERO,0,8,8
2,2023,AIRE,UNIONE CIVILE ,0,6,6
2,2023,Residenti,CITTADINANZA,0,2964,2964
2,2023,Residenti,CONTESTUALE,0,86182,86182
2,2023,Residenti,CONTRATTO CONVIVENZA,0,18,18
2,2023,Residenti,ESISTENZA IN VITA,0,2286,2286
2,2023,Residenti,MATRIMONIO,0,18137,18137
2,2023,Residenti,NASCITA,0,19856,19856
2,2023,Residenti,RESIDENZA,0,87862,87862
2,2023,Residenti,RESIDENZA IN CONVIVENZA,0,106,106
2,2023,Residenti,STATO CIVILE,0,17801,17801
2,2023,Residenti,STATO FAMIGLIA,0,88343,88343
2,2023,Residenti,STATO FAMIGLIA CON RAPPORTI PARENTELA,0,14600,14600
2,2023,Residenti,STATO FAMIGLIA E STATO CIVILE,0,12988,12988
2,2023,Residenti,STATO LIBERO,0,8330,8330
2,2023,Residenti,UNIONE CIVILE ,0,79,79
3,2023,AIRE,CITTADINANZA,0,182,182
3,2023,AIRE,CONTESTUALE,0,746,746
3,2023,AIRE,ESISTENZA IN VITA,0,5,5
3,2023,AIRE,MATRIMONIO,0,283,283
3,2023,AIRE,NASCITA,0,546,546
3,2023,AIRE,RESIDENZA,0,879,879
3,2023,AIRE,STATO CIVILE,0,14,14
3,2023,AIRE,STATO FAMIGLIA,0,384,384
3,2023,AIRE,STATO FAMIGLIA CON RAPPORTI PARENTELA,0,10,10
3,2023,AIRE,STATO FAMIGLIA E STATO CIVILE,0,5,5
3,2023,AIRE,STATO LIBERO,0,5,5
3,2023,AIRE,UNIONE CIVILE ,0,2,2
3,2023,Residenti,CITTADINANZA,0,2960,2960
3,2023,Residenti,CONTESTUALE,0,85685,85685
3,2023,Residenti,CONTRATTO CONVIVENZA,0,23,23
3,2023,Residenti,ESISTENZA IN VITA,0,2344,2344
3,2023,Residenti,MATRIMONIO,0,17002,17002
3,2023,Residenti,NASCITA,0,19907,19907
3,2023,Residenti,RESIDENZA,0,88519,88519
3,2023,Residenti,RESIDENZA IN CONVIVENZA,0,101,101
3,2023,Residenti,STATO CIVILE,0,17276,17276
3,2023,Residenti,STATO FAMIGLIA,0,77921,77921
3,2023,Residenti,STATO FAMIGLIA CON RAPPORTI PARENTELA,0,13166,13166
3,2023,Residenti,STATO FAMIGLIA E STATO CIVILE,0,11762,11762
3,2023,Residenti,STATO LIBERO,0,7660,7660
3,2023,Residenti,UNIONE CIVILE ,0,81,81
4,2023,AIRE,CITTADINANZA,0,153,153
4,2023,AIRE,CONTESTUALE,0,617,617
4,2023,AIRE,ESISTENZA IN VITA,0,4,4
4,2023,AIRE,MATRIMONIO,0,186,186
4,2023,AIRE,NASCITA,0,422,422
4,2023,AIRE,RESIDENZA,0,684,684
4,2023,AIRE,STATO CIVILE,0,12,12
4,2023,AIRE,STATO FAMIGLIA,0,324,324
4,2023,AIRE,STATO FAMIGLIA CON RAPPORTI PARENTELA,0,3,3
4,2023,AIRE,STATO FAMIGLIA E STATO CIVILE,0,2,2
4,2023,AIRE,STATO LIBERO,0,5,5
4,2023,AIRE,UNIONE CIVILE ,0,3,3
4,2023,Residenti,CITTADINANZA,0,2348,2348
4,2023,Residenti,CONTESTUALE,0,63568,63568
4,2023,Residenti,CONTRATTO CONVIVENZA,0,13,13
4,2023,Residenti,ESISTENZA IN VITA,0,1626,1626
4,2023,Residenti,MATRIMONIO,0,11897,11897
4,2023,Residenti,NASCITA,0,14568,14568
4,2023,Residenti,RESIDENZA,0,69028,69028
4,2023,Residenti,RESIDENZA IN CONVIVENZA,0,88,88
4,2023,Residenti,STATO CIVILE,0,12480,12480
4,2023,Residenti,STATO FAMIGLIA,0,54469,54469
4,2023,Residenti,STATO FAMIGLIA CON RAPPORTI PARENTELA,0,9422,9422
4,2023,Residenti,STATO FAMIGLIA E STATO CIVILE,0,8583,8583
4,2023,Residenti,STATO LIBERO,0,5506,5506
4,2023,Residenti,UNIONE CIVILE ,0,63,63
5,2023,AIRE,CITTADINANZA,0,138,138
5,2023,AIRE,CONTESTUALE,0,602,602
5,2023,AIRE,ESISTENZA IN VITA,0,3,3
5,2023,AIRE,MATRIMONIO,0,229,229
5,2023,AIRE,NASCITA,0,429,429
5,2023,AIRE,RESIDENZA,0,774,774
5,2023,AIRE,STATO CIVILE,0,10,10
5,2023,AIRE,STATO FAMIGLIA,0,365,365
5,2023,AIRE,STATO FAMIGLIA CON RAPPORTI PARENTELA,0,7,7
5,2023,AIRE,STATO FAMIGLIA E STATO CIVILE,0,7,7
5,2023,AIRE,STATO LIBERO,0,5,5
5,2023,AIRE,UNIONE CIVILE ,0,4,4
5,2023,Residenti,CITTADINANZA,0,2760,2760
5,2023,Residenti,CONTESTUALE,0,78252,78252
5,2023,Residenti,CONTRATTO CONVIVENZA,0,14,14
5,2023,Residenti,ESISTENZA IN VITA,0,1959,1959
5,2023,Residenti,MATRIMONIO,0,16014,16014
5,2023,Residenti,NASCITA,0,17414,17414
5,2023,Residenti,RESIDENZA,0,84688,84688
5,2023,Residenti,RESIDENZA IN CONVIVENZA,0,118,118
5,2023,Residenti,STATO CIVILE,0,15935,15935
5,2023,Residenti,STATO FAMIGLIA,0,65941,65941
5,2023,Residenti,STATO FAMIGLIA CON RAPPORTI PARENTELA,0,11083,11083
5,2023,Residenti,STATO FAMIGLIA E STATO CIVILE,0,10371,10371
5,2023,Residenti,STATO LIBERO,0,6464,6464
5,2023,Residenti,UNIONE CIVILE ,0,95,95
6,2023,AIRE,CITTADINANZA,0,117,117
6,2023,AIRE,CONTESTUALE,0,549,549
6,2023,AIRE,ESISTENZA IN VITA,0,1,1
6,2023,AIRE,MATRIMONIO,0,168,168
6,2023,AIRE,NASCITA,0,409,409
6,2023,AIRE,RESIDENZA,0,741,741
6,2023,AIRE,STATO CIVILE,0,6,6
6,2023,AIRE,STATO FAMIGLIA,0,301,301
6,2023,AIRE,STATO FAMIGLIA E STATO CIVILE,0,3,3
6,2023,AIRE,STATO LIBERO,0,4,4
6,2023,Residenti,CITTADINANZA,0,2486,2486
6,2023,Residenti,CONTESTUALE,0,67639,67639
6,2023,Residenti,CONTRATTO CONVIVENZA,0,11,11
6,2023,Residenti,ESISTENZA IN VITA,0,2084,2084
6,2023,Residenti,MATRIMONIO,0,14690,14690
6,2023,Residenti,NASCITA,0,15932,15932
6,2023,Residenti,RESIDENZA,0,75547,75547
6,2023,Residenti,RESIDENZA IN CONVIVENZA,0,85,85
6,2023,Residenti,STATO CIVILE,0,13708,13708
6,2023,Residenti,STATO FAMIGLIA,0,59940,59940
6,2023,Residenti,STATO FAMIGLIA CON RAPPORTI PARENTELA,0,10304,10304
6,2023,Residenti,STATO FAMIGLIA E STATO CIVILE,0,9021,9021
6,2023,Residenti,STATO LIBERO,0,5753,5753
6,2023,Residenti,UNIONE CIVILE ,0,70,70
7,2023,AIRE,CITTADINANZA,0,145,145
7,2023,AIRE,CONTESTUALE,0,569,569
7,2023,AIRE,ESISTENZA IN VITA,0,2,2
7,2023,AIRE,MATRIMONIO,0,184,184
7,2023,AIRE,NASCITA,0,445,445
7,2023,AIRE,RESIDENZA,0,611,611
7,2023,AIRE,STATO CIVILE,0,7,7
7,2023,AIRE,STATO FAMIGLIA,0,291,291
7,2023,AIRE,STATO FAMIGLIA CON RAPPORTI PARENTELA,0,3,3
7,2023,AIRE,STATO FAMIGLIA E STATO CIVILE,0,1,1
7,2023,AIRE,STATO LIBERO,0,1,1
7,2023,AIRE,UNIONE CIVILE ,0,6,6
7,2023,Residenti,CITTADINANZA,0,2206,2206
7,2023,Residenti,CONTESTUALE,0,83812,83812
7,2023,Residenti,CONTRATTO CONVIVENZA,0,16,16
7,2023,Residenti,ESISTENZA IN VITA,0,1836,1836
7,2023,Residenti,MATRIMONIO,0,14344,14344
7,2023,Residenti,NASCITA,0,16051,16051
7,2023,Residenti,RESIDENZA,0,73454,73454
7,2023,Residenti,RESIDENZA IN CONVIVENZA,0,90,90
7,2023,Residenti,STATO CIVILE,0,12773,12773
7,2023,Residenti,STATO FAMIGLIA,0,64302,64302
7,2023,Residenti,STATO FAMIGLIA CON RAPPORTI PARENTELA,0,10550,10550
7,2023,Residenti,STATO FAMIGLIA E STATO CIVILE,0,8305,8305
7,2023,Residenti,STATO LIBERO,0,5156,5156
7,2023,Residenti,UNIONE CIVILE ,0,97,97