MESE,ANNO,TIPO SOGGETTO,TIPOLOGIA CERTIFICATO,BOLLO,ESENTI DA BOLLO,TOTALE
11,2021,AIRE,CITTADINANZA,296,191,487
11,2021,AIRE,CONTESTUALE,914,814,1728
11,2021,AIRE,ESISTENZA IN VITA,3,0,3
11,2021,AIRE,MATRIMONIO,221,270,491
11,2021,AIRE,NASCITA,448,380,828
11,2021,AIRE,RESIDENZA,648,695,1343
11,2021,AIRE,STATO CIVILE,11,4,15
11,2021,AIRE,STATO FAMIGLIA,364,410,774
11,2021,AIRE,STATO FAMIGLIA CON RAPPORTI PARENTELA,2,0,2
11,2021,AIRE,STATO FAMIGLIA E STATO CIVILE,4,2,6
11,2021,AIRE,STATO LIBERO,3,1,4
11,2021,AIRE,UNIONE CIVILE ,0,4,4
11,2021,Residenti,CITTADINANZA,4969,3810,8779
11,2021,Residenti,CONTESTUALE,52341,54318,106659
11,2021,Residenti,CONTRATTO CONVIVENZA,24,11,35
11,2021,Residenti,ESISTENZA IN VITA,4462,4939,9401
11,2021,Residenti,MATRIMONIO,14114,21300,35414
11,2021,Residenti,NASCITA,21969,29827,51796
11,2021,Residenti,RESIDENZA,40050,51688,91738
11,2021,Residenti,RESIDENZA IN CONVIVENZA,47,63,110
11,2021,Residenti,STATO CIVILE,11069,11852,22921
11,2021,Residenti,STATO FAMIGLIA,35592,48828,84420
11,2021,Residenti,STATO FAMIGLIA CON RAPPORTI PARENTELA,12197,15355,27552
11,2021,Residenti,STATO FAMIGLIA E STATO CIVILE,11150,13994,25144
11,2021,Residenti,STATO LIBERO,5464,3732,9196
11,2021,Residenti,UNIONE CIVILE ,178,158,336
12,2021,AIRE,CITTADINANZA,154,104,258
12,2021,AIRE,CONTESTUALE,446,301,747
12,2021,AIRE,ESISTENZA IN VITA,4,0,4
12,2021,AIRE,MATRIMONIO,176,140,316
12,2021,AIRE,NASCITA,304,242,546
12,2021,AIRE,RESIDENZA,424,400,824
12,2021,AIRE,STATO CIVILE,5,1,6
12,2021,AIRE,STATO FAMIGLIA,229,215,444
12,2021,AIRE,STATO FAMIGLIA CON RAPPORTI PARENTELA,0,2,2
12,2021,AIRE,STATO FAMIGLIA E STATO CIVILE,3,2,5
12,2021,AIRE,STATO LIBERO,2,0,2
12,2021,AIRE,UNIONE CIVILE ,2,3,5
12,2021,Residenti,CITTADINANZA,3231,1403,4634
12,2021,Residenti,CONTESTUALE,35860,30889,66749
12,2021,Residenti,CONTRATTO CONVIVENZA,7,6,13
12,2021,Residenti,ESISTENZA IN VITA,2617,2024,4641
12,2021,Residenti,MATRIMONIO,8807,9430,18237
12,2021,Residenti,NASCITA,12040,11042,23082
12,2021,Residenti,RESIDENZA,31679,35637,67316
12,2021,Residenti,RESIDENZA IN CONVIVENZA,37,30,67
12,2021,Residenti,STATO CIVILE,8768,7205,15973
12,2021,Residenti,STATO FAMIGLIA,29035,33571,62606
12,2021,Residenti,STATO FAMIGLIA CON RAPPORTI PARENTELA,7591,7135,14726
12,2021,Residenti,STATO FAMIGLIA E STATO CIVILE,7125,6227,13352
12,2021,Residenti,STATO LIBERO,5043,3007,8050
12,2021,Residenti,UNIONE CIVILE ,37,39,76
1,2022,AIRE,CITTADINANZA,150,88,238
1,2022,AIRE,CONTESTUALE,375,315,690
1,2022,AIRE,ESISTENZA IN VITA,0,1,1
1,2022,AIRE,MATRIMONIO,112,132,244
1,2022,AIRE,NASCITA,317,278,595
1,2022,AIRE,RESIDENZA,316,335,651
1,2022,AIRE,STATO CIVILE,4,5,9
1,2022,AIRE,STATO FAMIGLIA,188,214,402
1,2022,AIRE,STATO FAMIGLIA CON RAPPORTI PARENTELA,2,2,4
1,2022,AIRE,STATO FAMIGLIA E STATO CIVILE,1,1,2
1,2022,AIRE,STATO LIBERO,4,2,6
1,2022,AIRE,UNIONE CIVILE ,1,2,3
1,2022,Residenti,CITTADINANZA,1749,1564,3313
1,2022,Residenti,CONTESTUALE,39562,39422,78984
1,2022,Residenti,CONTRATTO CONVIVENZA,19,9,28
1,2022,Residenti,ESISTENZA IN VITA,1682,2247,3929
1,2022,Residenti,MATRIMONIO,8088,10953,19041
1,2022,Residenti,NASCITA,11231,12608,23839
1,2022,Residenti,RESIDENZA,36020,47563,83583
1,2022,Residenti,RESIDENZA IN CONVIVENZA,46,41,87
1,2022,Residenti,STATO CIVILE,8083,8846,16929
1,2022,Residenti,STATO FAMIGLIA,47604,61244,108848
1,2022,Residenti,STATO FAMIGLIA CON RAPPORTI PARENTELA,8203,10506,18709
1,2022,Residenti,STATO FAMIGLIA E STATO CIVILE,7429,8960,16389
1,2022,Residenti,STATO LIBERO,5084,3633,8717
1,2022,Residenti,UNIONE CIVILE ,35,40,75
2,2022,AIRE,CITTADINANZA,102,76,178
2,2022,AIRE,CONTESTUALE,330,330,660
2,2022,AIRE,ESISTENZA IN VITA,1,1,2
2,2022,AIRE,MATRIMONIO,104,134,238
2,2022,AIRE,NASCITA,302,248,550
2,2022,AIRE,RESIDENZA,319,339,658
2,2022,AIRE,STATO CIVILE,1,7,8
2,2022,AIRE,STATO FAMIGLIA,187,189,376
2,2022,AIRE,STATO FAMIGLIA CON RAPPORTI PARENTELA,0,5,5
2,2022,AIRE,STATO FAMIGLIA E STATO CIVILE,2,3,5
2,2022,AIRE,STATO LIBERO,0,1,1
2,2022,AIRE,UNIONE CIVILE ,4,2,6
2,2022,Residenti,CITTADINANZA,1771,1441,3212
2,2022,Residenti,CONTESTUALE,41667,40120,81787
2,2022,Residenti,CONTRATTO CONVIVENZA,11,9,20
2,2022,Residenti,ESISTENZA IN VITA,1323,1682,3005
2,2022,Residenti,MATRIMONIO,8486,11214,19700
2,2022,Residenti,NASCITA,10199,11622,21821
2,2022,Residenti,RESIDENZA,32778,42245,75023
2,2022,Residenti,RESIDENZA IN CONVIVENZA,45,41,86
2,2022,Residenti,STATO CIVILE,8716,9659,18375
2,2022,Residenti,STATO FAMIGLIA,37427,48914,86341
2,2022,Residenti,STATO FAMIGLIA CON RAPPORTI PARENTELA,6516,8468,14984
2,2022,Residenti,STATO FAMIGLIA E STATO CIVILE,6625,7880,14505
2,2022,Residenti,STATO LIBERO,5875,4484,10359
2,2022,Residenti,UNIONE CIVILE ,42,39,81
3,2022,AIRE,CITTADINANZA,98,84,182
3,2022,AIRE,CONTESTUALE,345,328,673
3,2022,AIRE,ESISTENZA IN VITA,0,1,1
3,2022,AIRE,MATRIMONIO,99,127,226
3,2022,AIRE,NASCITA,291,288,579
3,2022,AIRE,RESIDENZA,267,334,601
3,2022,AIRE,STATO CIVILE,7,13,20
3,2022,AIRE,STATO FAMIGLIA,185,205,390
3,2022,AIRE,STATO FAMIGLIA CON RAPPORTI PARENTELA,5,0,5
3,2022,AIRE,STATO FAMIGLIA E STATO CIVILE,5,4,9
3,2022,AIRE,STATO LIBERO,4,4,8
3,2022,AIRE,UNIONE CIVILE ,7,1,8
3,2022,Residenti,CITTADINANZA,2085,1403,3488
3,2022,Residenti,CONTESTUALE,46093,42833,88926
3,2022,Residenti,CONTRATTO CONVIVENZA,7,9,16
3,2022,Residenti,ESISTENZA IN VITA,1397,1508,2905
3,2022,Residenti,MATRIMONIO,9397,12218,21615
3,2022,Residenti,NASCITA,11117,12272,23389
3,2022,Residenti,RESIDENZA,37370,46401,83771
3,2022,Residenti,RESIDENZA IN CONVIVENZA,57,44,101
3,2022,Residenti,STATO CIVILE,9842,10094,19936
3,2022,Residenti,STATO FAMIGLIA,36210,46027,82237
3,2022,Residenti,STATO FAMIGLIA CON RAPPORTI PARENTELA,6489,8213,14702
3,2022,Residenti,STATO FAMIGLIA E STATO CIVILE,6726,7661,14387
3,2022,Residenti,STATO LIBERO,6607,5062,11669
3,2022,Residenti,UNIONE CIVILE ,40,48,88
4,2022,AIRE,CITTADINANZA,96,87,183
4,2022,AIRE,CONTESTUALE,346,283,629
4,2022,AIRE,ESISTENZA IN VITA,1,1,2
4,2022,AIRE,MATRIMONIO,71,120,191
4,2022,AIRE,NASCITA,273,228,501
4,2022,AIRE,RESIDENZA,341,448,789
4,2022,AIRE,STATO CIVILE,4,4,8
4,2022,AIRE,STATO FAMIGLIA,160,203,363
4,2022,AIRE,STATO FAMIGLIA CON RAPPORTI PARENTELA,0,5,5
4,2022,AIRE,STATO FAMIGLIA E STATO CIVILE,3,2,5
4,2022,AIRE,STATO LIBERO,1,4,5
4,2022,AIRE,UNIONE CIVILE ,0,2,2
4,2022,Residenti,CITTADINANZA,1640,1203,2843
4,2022,Residenti,CONTESTUALE,36734,34709,71443
4,2022,Residenti,CONTRATTO CONVIVENZA,9,4,13
4,2022,Residenti,ESISTENZA IN VITA,1049,1285,2334
4,2022,Residenti,MATRIMONIO,7535,9512,17047
4,2022,Residenti,NASCITA,9152,9970,19122
4,2022,Residenti,RESIDENZA,32034,39883,71917
4,2022,Residenti,RESIDENZA IN CONVIVENZA,47,45,92
4,2022,Residenti,STATO CIVILE,7777,8348,16125
4,2022,Residenti,STATO FAMIGLIA,27776,34662,62438
4,2022,Residenti,STATO FAMIGLIA CON RAPPORTI PARENTELA,5302,6369,11671
4,2022,Residenti,STATO FAMIGLIA E STATO CIVILE,5328,5969,11297
4,2022,Residenti,STATO LIBERO,5488,4268,9756
4,2022,Residenti,UNIONE CIVILE ,51,36,87
5,2022,AIRE,CITTADINANZA,112,86,198
5,2022,AIRE,CONTESTUALE,394,318,712
5,2022,AIRE,MATRIMONIO,115,138,253
5,2022,AIRE,NASCITA,329,241,570
5,2022,AIRE,RESIDENZA,358,416,774
5,2022,AIRE,STATO CIVILE,8,8,16
5,2022,AIRE,STATO FAMIGLIA,187,189,376
5,2022,AIRE,STATO FAMIGLIA CON RAPPORTI PARENTELA,1,5,6
5,2022,AIRE,STATO FAMIGLIA E STATO CIVILE,3,1,4
5,2022,AIRE,STATO LIBERO,4,2,6
5,2022,AIRE,UNIONE CIVILE ,0,1,1
5,2022,Residenti,CITTADINANZA,1764,1366,3130
5,2022,Residenti,CONTESTUALE,40270,38756,79026
5,2022,Residenti,CONTRATTO CONVIVENZA,19,7,26
5,2022,Residenti,ESISTENZA IN VITA,1171,1377,2548
5,2022,Residenti,MATRIMONIO,8369,11035,19404
5,2022,Residenti,NASCITA,9857,11377,21234
5,2022,Residenti,RESIDENZA,38591,46649,85240
5,2022,Residenti,RESIDENZA IN CONVIVENZA,43,51,94
5,2022,Residenti,STATO CIVILE,9318,9929,19247
5,2022,Residenti,STATO FAMIGLIA,33240,41429,74669
5,2022,Residenti,STATO FAMIGLIA CON RAPPORTI PARENTELA,5995,7387,13382
5,2022,Residenti,STATO FAMIGLIA E STATO CIVILE,6016,6935,12951
5,2022,Residenti,STATO LIBERO,6295,4987,11282
5,2022,Residenti,UNIONE CIVILE ,38,33,71
6,2022,AIRE,CITTADINANZA,123,82,205
6,2022,AIRE,CONTESTUALE,320,257,577
6,2022,AIRE,MATRIMONIO,85,98,183
6,2022,AIRE,NASCITA,283,226,509
6,2022,AIRE,RESIDENZA,291,383,674
6,2022,AIRE,STATO CIVILE,6,6,12
6,2022,AIRE,STATO FAMIGLIA,175,209,384
6,2022,AIRE,STATO FAMIGLIA CON RAPPORTI PARENTELA,2,5,7
6,2022,AIRE,STATO FAMIGLIA E STATO CIVILE,2,1,3
6,2022,AIRE,STATO LIBERO,4,2,6
6,2022,AIRE,UNIONE CIVILE ,1,0,1
6,2022,Residenti,CITTADINANZA,1798,1389,3187
6,2022,Residenti,CONTESTUALE,36958,37009,73967
6,2022,Residenti,CONTRATTO CONVIVENZA,17,6,23
6,2022,Residenti,ESISTENZA IN VITA,1081,1377,2458
6,2022,Residenti,MATRIMONIO,8431,10565,18996
6,2022,Residenti,NASCITA,9162,10054,19216
6,2022,Residenti,RESIDENZA,35236,43605,78841
6,2022,Residenti,RESIDENZA IN CONVIVENZA,39,44,83
6,2022,Residenti,STATO CIVILE,8923,9556,18479
6,2022,Residenti,STATO FAMIGLIA,30427,38057,68484
6,2022,Residenti,STATO FAMIGLIA CON RAPPORTI PARENTELA,5606,6724,12330
6,2022,Residenti,STATO FAMIGLIA E STATO CIVILE,5330,6399,11729
6,2022,Residenti,STATO LIBERO,5698,4747,10445
6,2022,Residenti,UNIONE CIVILE ,41,40,81
7,2022,AIRE,CITTADINANZA,94,76,170
7,2022,AIRE,CONTESTUALE,300,259,559
7,2022,AIRE,ESISTENZA IN VITA,2,0,2
7,2022,AIRE,MATRIMONIO,109,121,230
7,2022,AIRE,NASCITA,264,222,486
7,2022,AIRE,RESIDENZA,318,364,682
7,2022,AIRE,STATO CIVILE,5,6,11
7,2022,AIRE,STATO FAMIGLIA,182,187,369
7,2022,AIRE,STATO FAMIGLIA CON RAPPORTI PARENTELA,1,1,2
7,2022,AIRE,STATO FAMIGLIA E STATO CIVILE,1,1,2
7,2022,AIRE,STATO LIBERO,1,0,1
7,2022,AIRE,UNIONE CIVILE ,2,0,2
7,2022,Residenti,CITTADINANZA,1550,1187,2737
7,2022,Residenti,CONTESTUALE,31982,44422,76404
7,2022,Residenti,CONTRATTO CONVIVENZA,15,16,31
7,2022,Residenti,ESISTENZA IN VITA,1043,1299,2342
7,2022,Residenti,MATRIMONIO,8067,9854,17921
7,2022,Residenti,NASCITA,8589,9660,18249
7,2022,Residenti,RESIDENZA,32545,40565,73110
7,2022,Residenti,RESIDENZA IN CONVIVENZA,40,29,69
7,2022,Residenti,STATO CIVILE,7902,8463,16365
7,2022,Residenti,STATO FAMIGLIA,27212,36962,64174
7,2022,Residenti,STATO FAMIGLIA CON RAPPORTI PARENTELA,5205,6554,11759
7,2022,Residenti,STATO FAMIGLIA E STATO CIVILE,4963,5553,10516
7,2022,Residenti,STATO LIBERO,4874,4115,8989
7,2022,Residenti,UNIONE CIVILE ,52,50,102
8,2022,AIRE,CITTADINANZA,104,69,173
8,2022,AIRE,CONTESTUALE,331,270,601
8,2022,AIRE,ESISTENZA IN VITA,2,0,2
8,2022,AIRE,MATRIMONIO,87,87,174
8,2022,AIRE,NASCITA,338,270,608
8,2022,AIRE,RESIDENZA,315,363,678
8,2022,AIRE,STATO CIVILE,5,1,6
8,2022,AIRE,STATO FAMIGLIA,175,179,354
8,2022,AIRE,STATO FAMIGLIA CON RAPPORTI PARENTELA,7,4,11
8,2022,AIRE,STATO FAMIGLIA E STATO CIVILE,1,1,2
8,2022,AIRE,STATO LIBERO,2,0,2
8,2022,AIRE,UNIONE CIVILE ,0,3,3
8,2022,Residenti,CITTADINANZA,1380,1022,2402
8,2022,Residenti,CONTESTUALE,24081,35076,59157
8,2022,Residenti,CONTRATTO CONVIVENZA,13,11,24
8,2022,Residenti,ESISTENZA IN VITA,799,962,1761
8,2022,Residenti,MATRIMONIO,5386,5994,11380
8,2022,Residenti,NASCITA,7905,8471,16376
8,2022,Residenti,RESIDENZA,27572,33872,61444
8,2022,Residenti,RESIDENZA IN CONVIVENZA,25,40,65
8,2022,Residenti,STATO CIVILE,4633,5114,9747
8,2022,Residenti,STATO FAMIGLIA,21728,29606,51334
8,2022,Residenti,STATO FAMIGLIA CON RAPPORTI PARENTELA,4241,5398,9639
8,2022,Residenti,STATO FAMIGLIA E STATO CIVILE,3426,4091,7517
8,2022,Residenti,STATO LIBERO,2327,1881,4208
8,2022,Residenti,UNIONE CIVILE ,32,35,67
9,2022,AIRE,CITTADINANZA,127,62,189
9,2022,AIRE,CONTESTUALE,327,287,614
9,2022,AIRE,ESISTENZA IN VITA,3,4,7
9,2022,AIRE,MATRIMONIO,118,122,240
9,2022,AIRE,NASCITA,299,275,574
9,2022,AIRE,RESIDENZA,297,401,698
9,2022,AIRE,STATO CIVILE,10,5,15
9,2022,AIRE,STATO FAMIGLIA,187,195,382
9,2022,AIRE,STATO FAMIGLIA CON RAPPORTI PARENTELA,7,3,10
9,2022,AIRE,STATO FAMIGLIA E STATO CIVILE,3,0,3
9,2022,AIRE,STATO LIBERO,3,3,6
9,2022,Residenti,CITTADINANZA,2250,1875,4125
9,2022,Residenti,CONTESTUALE,42827,85829,128656
9,2022,Residenti,CONTRATTO CONVIVENZA,11,21,32
9,2022,Residenti,ESISTENZA IN VITA,1358,1396,2754
9,2022,Residenti,MATRIMONIO,9560,12016,21576
9,2022,Residenti,NASCITA,10998,14302,25300
9,2022,Residenti,RESIDENZA,40595,53423,94018
9,2022,Residenti,RESIDENZA IN CONVIVENZA,53,59,112
9,2022,Residenti,STATO CIVILE,9352,10140,19492
9,2022,Residenti,STATO FAMIGLIA,35153,55488,90641
9,2022,Residenti,STATO FAMIGLIA CON RAPPORTI PARENTELA,6477,8540,15017
9,2022,Residenti,STATO FAMIGLIA E STATO CIVILE,5687,6982,12669
9,2022,Residenti,STATO LIBERO,5631,4877,10508
9,2022,Residenti,UNIONE CIVILE ,46,62,108
10,2022,AIRE,CITTADINANZA,121,73,194
10,2022,AIRE,CONTESTUALE,335,311,646
10,2022,AIRE,ESISTENZA IN VITA,1,0,1
10,2022,AIRE,MATRIMONIO,111,112,223
10,2022,AIRE,NASCITA,334,267,601
10,2022,AIRE,RESIDENZA,350,384,734
10,2022,AIRE,STATO CIVILE,12,6,18
10,2022,AIRE,STATO FAMIGLIA,197,206,403
10,2022,AIRE,STATO FAMIGLIA CON RAPPORTI PARENTELA,7,5,12
10,2022,AIRE,STATO FAMIGLIA E STATO CIVILE,5,2,7
10,2022,AIRE,STATO LIBERO,6,4,10
10,2022,Residenti,CITTADINANZA,2086,1746,3832
10,2022,Residenti,CONTESTUALE,42104,68095,110199
10,2022,Residenti,CONTRATTO CONVIVENZA,14,17,31
10,2022,Residenti,ESISTENZA IN VITA,1289,1427,2716
10,2022,Residenti,MATRIMONIO,9494,11653,21147
10,2022,Residenti,NASCITA,10289,12899,23188
10,2022,Residenti,RESIDENZA,40339,52427,92766
10,2022,Residenti,RESIDENZA IN CONVIVENZA,50,50,100
10,2022,Residenti,STATO CIVILE,9049,9896,18945
10,2022,Residenti,STATO FAMIGLIA,35767,50420,86187
10,2022,Residenti,STATO FAMIGLIA CON RAPPORTI PARENTELA,6604,8436,15040
10,2022,Residenti,STATO FAMIGLIA E STATO CIVILE,6135,7373,13508
10,2022,Residenti,STATO LIBERO,5075,4548,9623
10,2022,Residenti,UNIONE CIVILE ,54,48,102
11,2022,AIRE,CITTADINANZA,145,66,211
11,2022,AIRE,CONTESTUALE,381,335,716
11,2022,AIRE,ESISTENZA IN VITA,2,1,3
11,2022,AIRE,MATRIMONIO,118,123,241
11,2022,AIRE,NASCITA,353,270,623
11,2022,AIRE,RESIDENZA,348,344,692
11,2022,AIRE,STATO CIVILE,9,1,10
11,2022,AIRE,STATO FAMIGLIA,204,197,401
11,2022,AIRE,STATO FAMIGLIA CON RAPPORTI PARENTELA,3,2,5
11,2022,AIRE,STATO FAMIGLIA E STATO CIVILE,4,5,9
11,2022,AIRE,STATO LIBERO,1,2,3
11,2022,AIRE,UNIONE CIVILE ,0,1,1
11,2022,Residenti,CITTADINANZA,2259,1692,3951
11,2022,Residenti,CONTESTUALE,40152,50159,90311
11,2022,Residenti,CONTRATTO CONVIVENZA,17,8,25
11,2022,Residenti,ESISTENZA IN VITA,1410,1599,3009
11,2022,Residenti,MATRIMONIO,8825,11591,20416
11,2022,Residenti,NASCITA,10369,11897,22266
11,2022,Residenti,RESIDENZA,39650,48715,88365
11,2022,Residenti,RESIDENZA IN CONVIVENZA,50,48,98
11,2022,Residenti,STATO CIVILE,9668,10225,19893
11,2022,Residenti,STATO FAMIGLIA,33610,45339,78949
11,2022,Residenti,STATO FAMIGLIA CON RAPPORTI PARENTELA,6874,8577,15451
11,2022,Residenti,STATO FAMIGLIA E STATO CIVILE,5979,6982,12961
11,2022,Residenti,STATO LIBERO,5498,4985,10483
11,2022,Residenti,UNIONE CIVILE ,62,37,99
12,2022,AIRE,CITTADINANZA,168,59,227
12,2022,AIRE,CONTESTUALE,431,308,739
12,2022,AIRE,ESISTENZA IN VITA,1,1,2
12,2022,AIRE,MATRIMONIO,109,112,221
12,2022,AIRE,NASCITA,320,243,563
12,2022,AIRE,RESIDENZA,440,365,805
12,2022,AIRE,STATO CIVILE,7,5,12
12,2022,AIRE,STATO FAMIGLIA,241,186,427
12,2022,AIRE,STATO FAMIGLIA CON RAPPORTI PARENTELA,4,3,7
12,2022,AIRE,STATO FAMIGLIA E STATO CIVILE,2,1,3
12,2022,AIRE,STATO LIBERO,2,1,3
12,2022,AIRE,UNIONE CIVILE ,1,0,1
12,2022,Residenti,CITTADINANZA,2678,1381,4059
12,2022,Residenti,CONTESTUALE,34634,34588,69222
12,2022,Residenti,CONTRATTO CONVIVENZA,18,9,27
12,2022,Residenti,ESISTENZA IN VITA,1954,1534,3488
12,2022,Residenti,MATRIMONIO,7293,8386,15679
12,2022,Residenti,NASCITA,9744,9084,18828
12,2022,Residenti,RESIDENZA,35114,40040,75154
12,2022,Residenti,RESIDENZA IN CONVIVENZA,44,52,96
12,2022,Residenti,STATO CIVILE,8350,7919,16269
12,2022,Residenti,STATO FAMIGLIA,29650,35095,64745
12,2022,Residenti,STATO FAMIGLIA CON RAPPORTI PARENTELA,6625,6766,13391
12,2022,Residenti,STATO FAMIGLIA E STATO CIVILE,5829,5355,11184
12,2022,Residenti,STATO LIBERO,4850,3378,8228
12,2022,Residenti,UNIONE CIVILE ,42,35,77
1,2023,AIRE,CITTADINANZA,12,187,199
1,2023,AIRE,CONTESTUALE,38,813,851
1,2023,AIRE,ESISTENZA IN VITA,0,4,4
1,2023,AIRE,MATRIMONIO,14,220,234
1,2023,AIRE,NASCITA,27,566,593
1,2023,AIRE,RESIDENZA,34,885,919
1,2023,AIRE,STATO CIVILE,0,17,17
1,2023,AIRE,STATO FAMIGLIA,21,415,436
1,2023,AIRE,STATO FAMIGLIA CON RAPPORTI PARENTELA,0,11,11
1,2023,AIRE,STATO FAMIGLIA E STATO CIVILE,0,6,6
1,2023,AIRE,STATO LIBERO,0,8,8
1,2023,AIRE,UNIONE CIVILE ,0,2,2
1,2023,Residenti,CITTADINANZA,137,3170,3307
1,2023,Residenti,CONTESTUALE,2289,90054,92343
1,2023,Residenti,CONTRATTO CONVIVENZA,0,26,26
1,2023,Residenti,ESISTENZA IN VITA,104,2996,3100
1,2023,Residenti,MATRIMONIO,408,17703,18111
1,2023,Residenti,NASCITA,713,22003,22716
1,2023,Residenti,RESIDENZA,2469,93786,96255
1,2023,Residenti,RESIDENZA IN CONVIVENZA,4,116,120
1,2023,Residenti,STATO CIVILE,441,17614,18055
1,2023,Residenti,STATO FAMIGLIA,3225,117364,120589
1,2023,Residenti,STATO FAMIGLIA CON RAPPORTI PARENTELA,463,18710,19173
1,2023,Residenti,STATO FAMIGLIA E STATO CIVILE,454,15310,15764
1,2023,Residenti,STATO LIBERO,213,7721,7934
1,2023,Residenti,UNIONE CIVILE ,2,76,78
2,2023,AIRE,CITTADINANZA,0,182,182
2,2023,AIRE,CONTESTUALE,0,722,722
2,2023,AIRE,ESISTENZA IN VITA,0,2,2
2,2023,AIRE,MATRIMONIO,0,228,228
2,2023,AIRE,NASCITA,0,586,586
2,2023,AIRE,RESIDENZA,0,750,750
2,2023,AIRE,STATO CIVILE,0,20,20
2,2023,AIRE,STATO FAMIGLIA,0,407,407
2,2023,AIRE,STATO FAMIGLIA CON RAPPORTI PARENTELA,0,7,7
2,2023,AIRE,STATO FAMIGLIA E STATO CIVILE,0,10,10
2,2023,AIRE,STATO LIBERO,0,10,10
2,2023,AIRE,UNIONE CIVILE ,0,6,6
2,2023,Residenti,CITTADINANZA,0,2963,2963
2,2023,Residenti,CONTESTUALE,0,86180,86180
2,2023,Residenti,CONTRATTO CONVIVENZA,0,18,18
2,2023,Residenti,ESISTENZA IN VITA,0,2286,2286
2,2023,Residenti,MATRIMONIO,0,18136,18136
2,2023,Residenti,NASCITA,0,19858,19858
2,2023,Residenti,RESIDENZA,0,87859,87859
2,2023,Residenti,RESIDENZA IN CONVIVENZA,0,106,106
2,2023,Residenti,STATO CIVILE,0,17799,17799
2,2023,Residenti,STATO FAMIGLIA,0,88343,88343
2,2023,Residenti,STATO FAMIGLIA CON RAPPORTI PARENTELA,0,14601,14601
2,2023,Residenti,STATO FAMIGLIA E STATO CIVILE,0,12988,12988
2,2023,Residenti,STATO LIBERO,0,8330,8330
2,2023,Residenti,UNIONE CIVILE ,0,79,79
3,2023,AIRE,CITTADINANZA,0,183,183
3,2023,AIRE,CONTESTUALE,0,748,748
3,2023,AIRE,ESISTENZA IN VITA,0,5,5
3,2023,AIRE,MATRIMONIO,0,283,283
3,2023,AIRE,NASCITA,0,549,549
3,2023,AIRE,RESIDENZA,0,885,885
3,2023,AIRE,STATO CIVILE,0,15,15
3,2023,AIRE,STATO FAMIGLIA,0,385,385
3,2023,AIRE,STATO FAMIGLIA CON RAPPORTI PARENTELA,0,10,10
3,2023,AIRE,STATO FAMIGLIA E STATO CIVILE,0,5,5
3,2023,AIRE,STATO LIBERO,0,6,6
3,2023,AIRE,UNIONE CIVILE ,0,2,2
3,2023,Residenti,CITTADINANZA,0,2959,2959
3,2023,Residenti,CONTESTUALE,0,85694,85694
3,2023,Residenti,CONTRATTO CONVIVENZA,0,23,23
3,2023,Residenti,ESISTENZA IN VITA,0,2345,2345
3,2023,Residenti,MATRIMONIO,0,17002,17002
3,2023,Residenti,NASCITA,0,19904,19904
3,2023,Residenti,RESIDENZA,0,88515,88515
3,2023,Residenti,RESIDENZA IN CONVIVENZA,0,101,101
3,2023,Residenti,STATO CIVILE,0,17276,17276
3,2023,Residenti,STATO FAMIGLIA,0,77924,77924
3,2023,Residenti,STATO FAMIGLIA CON RAPPORTI PARENTELA,0,13167,13167
3,2023,Residenti,STATO FAMIGLIA E STATO CIVILE,0,11762,11762
3,2023,Residenti,STATO LIBERO,0,7660,7660
3,2023,Residenti,UNIONE CIVILE ,0,81,81
4,2023,AIRE,CITTADINANZA,0,153,153
4,2023,AIRE,CONTESTUALE,0,619,619
4,2023,AIRE,ESISTENZA IN VITA,0,4,4
4,2023,AIRE,MATRIMONIO,0,186,186
4,2023,AIRE,NASCITA,0,429,429
4,2023,AIRE,RESIDENZA,0,690,690
4,2023,AIRE,STATO CIVILE,0,12,12
4,2023,AIRE,STATO FAMIGLIA,0,325,325
4,2023,AIRE,STATO FAMIGLIA CON RAPPORTI PARENTELA,0,3,3
4,2023,AIRE,STATO FAMIGLIA E STATO CIVILE,0,3,3
4,2023,AIRE,STATO LIBERO,0,5,5
4,2023,AIRE,UNIONE CIVILE ,0,3,3
4,2023,Residenti,CITTADINANZA,0,2348,2348
4,2023,Residenti,CONTESTUALE,0,63572,63572
4,2023,Residenti,CONTRATTO CONVIVENZA,0,13,13
4,2023,Residenti,ESISTENZA IN VITA,0,1626,1626
4,2023,Residenti,MATRIMONIO,0,11897,11897
4,2023,Residenti,NASCITA,0,14561,14561
4,2023,Residenti,RESIDENZA,0,69024,69024
4,2023,Residenti,RESIDENZA IN CONVIVENZA,0,88,88
4,2023,Residenti,STATO CIVILE,0,12480,12480
4,2023,Residenti,STATO FAMIGLIA,0,54468,54468
4,2023,Residenti,STATO FAMIGLIA CON RAPPORTI PARENTELA,0,9422,9422
4,2023,Residenti,STATO FAMIGLIA E STATO CIVILE,0,8584,8584
4,2023,Residenti,STATO LIBERO,0,5506,5506
4,2023,Residenti,UNIONE CIVILE ,0,63,63
5,2023,AIRE,CITTADINANZA,0,138,138
5,2023,AIRE,CONTESTUALE,0,606,606
5,2023,AIRE,ESISTENZA IN VITA,0,3,3
5,2023,AIRE,MATRIMONIO,0,230,230
5,2023,AIRE,NASCITA,0,434,434
5,2023,AIRE,RESIDENZA,0,779,779
5,2023,AIRE,STATO CIVILE,0,11,11
5,2023,AIRE,STATO FAMIGLIA,0,371,371
5,2023,AIRE,STATO FAMIGLIA CON RAPPORTI PARENTELA,0,7,7
5,2023,AIRE,STATO FAMIGLIA E STATO CIVILE,0,7,7
5,2023,AIRE,STATO LIBERO,0,5,5
5,2023,AIRE,UNIONE CIVILE ,0,4,4
5,2023,Residenti,CITTADINANZA,0,2760,2760
5,2023,Residenti,CONTESTUALE,0,78257,78257
5,2023,Residenti,CONTRATTO CONVIVENZA,0,14,14
5,2023,Residenti,ESISTENZA IN VITA,0,1959,1959
5,2023,Residenti,MATRIMONIO,0,16014,16014
5,2023,Residenti,NASCITA,0,17411,17411
5,2023,Residenti,RESIDENZA,0,84688,84688
5,2023,Residenti,RESIDENZA IN CONVIVENZA,0,118,118
5,2023,Residenti,STATO CIVILE,0,15934,15934
5,2023,Residenti,STATO FAMIGLIA,0,65939,65939
5,2023,Residenti,STATO FAMIGLIA CON RAPPORTI PARENTELA,0,11084,11084
5,2023,Residenti,STATO FAMIGLIA E STATO CIVILE,0,10373,10373
5,2023,Residenti,STATO LIBERO,0,6464,6464
5,2023,Residenti,UNIONE CIVILE ,0,95,95
6,2023,AIRE,CITTADINANZA,0,117,117
6,2023,AIRE,CONTESTUALE,0,566,566
6,2023,AIRE,ESISTENZA IN VITA,0,1,1
6,2023,AIRE,MATRIMONIO,0,172,172
6,2023,AIRE,NASCITA,0,433,433
6,2023,AIRE,RESIDENZA,0,743,743
6,2023,AIRE,STATO CIVILE,0,7,7
6,2023,AIRE,STATO FAMIGLIA,0,305,305
6,2023,AIRE,STATO FAMIGLIA CON RAPPORTI PARENTELA,0,1,1
6,2023,AIRE,STATO FAMIGLIA E STATO CIVILE,0,3,3
6,2023,AIRE,STATO LIBERO,0,5,5
6,2023,Residenti,CITTADINANZA,0,2486,2486
6,2023,Residenti,CONTESTUALE,0,67629,67629
6,2023,Residenti,CONTRATTO CONVIVENZA,0,11,11
6,2023,Residenti,ESISTENZA IN VITA,0,2084,2084
6,2023,Residenti,MATRIMONIO,0,14687,14687
6,2023,Residenti,NASCITA,0,15909,15909
6,2023,Residenti,RESIDENZA,0,75547,75547
6,2023,Residenti,RESIDENZA IN CONVIVENZA,0,85,85
6,2023,Residenti,STATO CIVILE,0,13707,13707
6,2023,Residenti,STATO FAMIGLIA,0,59937,59937
6,2023,Residenti,STATO FAMIGLIA CON RAPPORTI PARENTELA,0,10304,10304
6,2023,Residenti,STATO FAMIGLIA E STATO CIVILE,0,9022,9022
6,2023,Residenti,STATO LIBERO,0,5752,5752
6,2023,Residenti,UNIONE CIVILE ,0,70,70
7,2023,AIRE,CITTADINANZA,0,146,146
7,2023,AIRE,CONTESTUALE,0,579,579
7,2023,AIRE,ESISTENZA IN VITA,0,2,2
7,2023,AIRE,MATRIMONIO,0,188,188
7,2023,AIRE,NASCITA,0,452,452
7,2023,AIRE,RESIDENZA,0,620,620
7,2023,AIRE,STATO CIVILE,0,8,8
7,2023,AIRE,STATO FAMIGLIA,0,298,298
7,2023,AIRE,STATO FAMIGLIA CON RAPPORTI PARENTELA,0,3,3
7,2023,AIRE,STATO FAMIGLIA E STATO CIVILE,0,1,1
7,2023,AIRE,STATO LIBERO,0,2,2
7,2023,AIRE,UNIONE CIVILE ,0,6,6
7,2023,Residenti,CITTADINANZA,0,2205,2205
7,2023,Residenti,CONTESTUALE,0,83802,83802
7,2023,Residenti,CONTRATTO CONVIVENZA,0,16,16
7,2023,Residenti,ESISTENZA IN VITA,0,1836,1836
7,2023,Residenti,MATRIMONIO,0,14342,14342
7,2023,Residenti,NASCITA,0,16045,16045
7,2023,Residenti,RESIDENZA,0,73441,73441
7,2023,Residenti,RESIDENZA IN CONVIVENZA,0,90,90
7,2023,Residenti,STATO CIVILE,0,12772,12772
7,2023,Residenti,STATO FAMIGLIA,0,64300,64300
7,2023,Residenti,STATO FAMIGLIA CON RAPPORTI PARENTELA,0,10551,10551
7,2023,Residenti,STATO FAMIGLIA E STATO CIVILE,0,8309,8309
7,2023,Residenti,STATO LIBERO,0,5155,5155
7,2023,Residenti,UNIONE CIVILE ,0,97,97
8,2023,AIRE,CITTADINANZA,9,81,90
8,2023,AIRE,CONTESTUALE,52,368,420
8,2023,AIRE,MATRIMONIO,20,137,157
8,2023,AIRE,NASCITA,87,315,402
8,2023,AIRE,RESIDENZA,90,455,545
8,2023,AIRE,STATO CIVILE,0,1,1
8,2023,AIRE,STATO FAMIGLIA,18,201,219
8,2023,AIRE,STATO FAMIGLIA E STATO CIVILE,0,1,1
8,2023,AIRE,UNIONE CIVILE ,1,1,2
8,2023,Residenti,CITTADINANZA,64,1776,1840
8,2023,Residenti,CONTESTUALE,4773,61006,65779
8,2023,Residenti,CONTRATTO CONVIVENZA,2,13,15
8,2023,Residenti,ESISTENZA IN VITA,82,1036,1118
8,2023,Residenti,MATRIMONIO,668,7648,8316
8,2023,Residenti,NASCITA,1043,11397,12440
8,2023,Residenti,RESIDENZA,2941,52716,55657
8,2023,Residenti,RESIDENZA IN CONVIVENZA,1,57,58
8,2023,Residenti,STATO CIVILE,622,6596,7218
8,2023,Residenti,STATO FAMIGLIA,3024,43425,46449
8,2023,Residenti,STATO FAMIGLIA CON RAPPORTI PARENTELA,462,7207,7669
8,2023,Residenti,STATO FAMIGLIA E STATO CIVILE,373,5580,5953
8,2023,Residenti,STATO LIBERO,725,2108,2833
8,2023,Residenti,UNIONE CIVILE ,9,49,58